name:	ethanol
id:	3
text:	fixed: Dillon & Penoncello
pc:	6.148
Tc:	513.900000
vc:	166.917000
M:	4.6068440e+01
Ts:	513.900000
vs:	166.917000

50.0
15
 1.14008942201E+1 1 -0.5
-3.95227128302E+1 1  0.0
 4.13063408370E+1 1  0.5
-1.88892923721E+1 1  1.5
 4.72310314140E+0 1  2.0
-7.78322827052E-3 1  5.0
 1.71707850032E-1 2 -0.5
-1.53758307602E+0 2  1.0
 1.42405508571E+0 2  2.0
 1.32732097050E-1 3  0.0
-1.14231649761E-1 3  2.5
 3.27686088736E-6 6  6.0
 4.95699527725E-4 7  2.0
-7.01090149558E-5 8  2.0
-2.25019381648E-6 8  4.0
8
-2.55406026981E-1 1  5.0 2
-6.32036870646E-2 3  3.0 2
-3.14882729522E-2 3  7.0 2
 2.56187828185E-2 6  5.5 2
-3.08694499382E-2 7  4.0 2
 7.22046283076E-3 8  1.0 2
 2.99286406225E-3 2 22.0 4
 9.72795913095E-4 7 23.0 4
0
7
360 75  125
350 75  300
330 80  500
320 80  650
300 80 1000
275 80 1800
250 80 3600

OK beyond 370 K
