name:	hydrogen_sulfide
id:	3
text:	fixed: Sakoda & Uematsu
pc:	8.96291
Tc:	373.370000
vc:	98.0392157
M:	3.4079940e+01
Ts:	373.370000
vs:	98.0392157

30.0
11
 0.1545780e+00  1  0.241
-0.1717693e+01  1  0.705
-0.1595211e+01  1  1.000
 0.2046589e+01  2  0.626
-0.1690358e+01  2  1.120
 0.9483623e+00  2  1.630
-0.6800772e-01  3  0.210
 0.4372273e-02  4  3.080
 0.3788552e-04  8  0.827
-0.3680980e-04  9  3.050
 0.8710726e-05 10  3.050
12
 0.6886876e+00  1  0.110 1
 0.2751922e+01  1  1.070 1
-0.1492558e+01  1  1.950 1
 0.9202832e+00  2  0.142 1
-0.2103469e+00  5  2.130 1
 0.1084359e-02  1  4.920 2
 0.3754723e-01  4  1.750 2
-0.5885793e-01  4  3.970 2
-0.2329265e-01  3 11.800 3
-0.1272600e-03  8 10.000 3
-0.1336824e-01  2  9.830 4
 0.1053057e-01  3 14.200 4
0
4
295.0  50.0 320.0
280.0  45.0 370.0
250.0  43.0 500.0
200.0  40.0 500.0

OK beyond 300 K
