name:	  2-methylpentane
id:	  2
text:	  short EOS; fixed: Lemmon & Span
pc:	  3.042659
Tc:	  497.700898
vc:	  368.329760
M:	  8.61753600e+01
Ts:	  497.7
vs:	  368.32413

110.497
6
 1.10270000e+00  1  0.250  
-2.96990000e+00  1  1.125  
 1.02950000e+00  1  1.500  
-2.12380000e-01  2  1.375  
 1.18970000e-01  3  0.250  
 2.77380000e-04  7  0.875  
6
 4.01030000e-01  2  0.625 1
-3.42380000e-02  5  1.750 1
-4.35840000e-01  1  3.625 2
-1.16930000e-01  4  3.625 2
-1.92620000e-02  3 14.500 3
 8.07830000e-03  4 12.000 3
0

8
423.045 197  1169
398.160 186  1482
373.275 177  1880
348.390 169  2416
323.505 162  3172
298.620 157  4293
248.850 147  8922
199.080 138 23403
