name:	  ammonia
id:	  2
text:	  short EOS; fixed: Span & Wagner
pc:	  11.382075
Tc:	  405.535422
vc:	  71.734945
M:	  0.1703100e+02
Ts:	  405.40000
vs:	  75.693333

22.708
5
 0.73022720e+00  1  0.250
-0.11879116e+01  1  1.250
-0.68319136e+00  1  1.500
 0.40028683e-01  3  0.250
 0.90801215e-04  7  0.875
7
-0.56216175e-01  1  2.375 1
 0.44935601e+00  2  2.000 1
 0.29897121e-01  5  2.125 1
-0.18181684e+00  1  3.500 2
-0.98416660e-01  1  6.500 2
-0.55083744e-01  4  4.750 2
-0.88983219e-02  2 12.500 3
0

8
324.32 36.2688   327.568
304.05 34.2386   429.887
283.78 32.5422   575.546
263.51 31.0797   795.191
243.24 29.7853  1147.81
222.97 28.6134  1754.1
202.70 27.5302  2877.87
160.00 25.4239 11003.0
