name:	  argon
id:	  2
text:	  short EOS; fixed: Span & Wagner
pc:	  4.879811
Tc:	  150.791436
vc:	  76.744876
M:	  3.99480000e+01
Ts:	  150.687000
vs:	  74.585512

22.376
6
 0.85095715e+00  1  0.250  
-0.24003223e+01  1  1.125  
 0.54127841e+00  1  1.500  
 0.16919771e-01  2  1.375  
 0.68825965e-01  3  0.250  
 0.21428033e-03  7  0.875  
6	                   
 0.17429895e+00  2  0.625 1
-0.33654496e-01  5  1.750 1
-0.13526800e+00  1  3.625 2
-0.16387351e-01  4  3.625 2
-0.24987667e-01  3 14.500 3
 0.88769205e-02  4 12.000 3
0

9
128.08 43  205
120.55 40  256
113.02 38  324
105.48 36  419
 97.95 35  557
 90.41 34  768
 82.88 32 1105
 75.34 31 1670
 60.27 29 4576

