name:	  carbonyl_sulfide
id:	  2
text:	  short EOS; fixed: Lemmon & Span
pc:	  6.368800
Tc:	  378.770270
vc:	  134.955524
M:	  6.00751000e+01
Ts:	  378.77
vs:	  134.95277

40.486
6
 9.43740000e-01  1  0.250  
-2.53480000e+00  1  1.125  
 5.90580000e-01  1  1.500  
-2.14880000e-02  2  1.375  
 8.20830000e-02  3  0.250  
 2.46890000e-04  7  0.875  
6
 2.12260000e-01  2  0.625 1
-4.12510000e-02  5  1.750 1
-2.23330000e-01  1  3.625 2
-5.08280000e-02  4  3.625 2
-2.83330000e-02  3 14.500 3
 1.69830000e-02  4 12.000 3
0

8
321.9545 76.4333  404.241
303.0160 71.6163  507.47
284.0775 67.7764  643.314
265.1390 64.587   831.255
246.2005 61.8521 1103.57
227.2620 59.4435 1516.4
189.3850 55.2773 3266.77
151.5080 51.6233 8873.27
