name:	  carbon_dioxide
id:	  2
text:	  short EOS; fixed: Span & Wagner
pc:	  7.400107
Tc:	  304.307294
vc:	  98.539936
M:	  0.44009800e+02
Ts:	  304.128200
vs:	  94.118905

28.235
5
 0.89875108e+00  1  0.250  
-0.21281985e+01  1  1.250  
-0.68190320e-01  1  1.500  
 0.76355306e-01  3  0.250  
 0.22053253e-03  7  0.875  
7                   
 0.41541823e+00  1  2.375 1
 0.71335657e+00  2  2.000 1
 0.30354234e-03  5  2.125 1
-0.36643143e+00  1  3.500 2
-0.14407781e-02  1  6.500 2
-0.89166707e-01  4  4.750 2
-0.23699887e-01  2 12.500 3
0

8
258.509 51.5943  289.516
243.303 48.459   370.099
228.096 45.8922  480.344
212.890 43.6937  640.677
197.683 41.7538  888.526
182.477 40.0056 1296.16
167.271 38.4036 2010.7
152.064 36.9143 3351.07
