name:	  carbon_monoxide
id:	  2
text:	  short EOS; fixed: Lemmon & Span
pc:	  3.498195
Tc:	  132.859895
vc:	  92.164511
M:	  2.80101000e+01
Ts:	  132.86
vs:	  92.165899

27.650
6
 9.05540000e-01  1  0.250  
-2.45150000e+00  1  1.125  
 5.31490000e-01  1  1.500  
 2.41730000e-02  2  1.375  
 7.21560000e-02  3  0.250  
 1.88180000e-04  7  0.875  
6	                   
 1.94050000e-01  2  0.625 1
-4.32680000e-02  5  1.750 1
-1.27780000e-01  1  3.625 2
-2.78960000e-02  4  3.625 2
-3.41540000e-02  3 14.500 3
 1.63290000e-02  4 12.000 3
0

8
112.9310 51.5358  261.898
106.2880 48.4025  330.259
 99.6450 45.8918  421.701
 93.0020 43.7926  549.871
 86.3590 41.9808  737.458
 79.7160 40.3761 1024
 66.4300 37.5844 2249.85
 53.1440 35.1241 6211.14
