name:	  ethene
id:	  2
text:	  short EOS; fixed: Span & Wagner
pc:	  6.029039
Tc:	  302.430680
vc:	  158.155417
M:	  2.8054000e+01
Ts:	  282.350000
vs:	  130.946602

39.284
6
 0.90962230e+00  1  0.250  
-0.24641015e+01  1  1.125  
 0.56175311e+00  1  1.500  
-0.19688013e-01  2  1.375  
 0.78831145e-01  3  0.250  
 0.21478776e-03  7  0.875  
0
 0.23151337e+00  2  0.625 1
-0.37804454e-01  5  1.750 1
-0.20122739e+00  1  3.625 2
-0.44960157e-01  4  3.625 2
-0.28342960e-01  3 14.500 3
 0.12652824e-01  4 12.000 3
0
0
