name:	  heptane
id:	  2
text:	  short EOS; fixed: Span & Wagner
pc:	  2.773756
Tc:	  541.225915
vc:	  445.546340
M:	  1.00204000e+02
Ts:	  540.130000
vs:	  431.913793

129.574
6
 0.10543748e+01  1  0.250  
-0.26500682e+01  1  1.125  
 0.81730048e+00  1  1.500  
-0.30451391e+00  2  1.375  
 0.12253869e+00  3  0.250  
 0.27266473e-03  7  0.875  
6
 0.49865826e+00  2  0.625 1
-0.71432815e-03  5  1.750 1
-0.54236896e+00  1  3.625 2
-0.13801822e+00  4  3.625 2
-0.61595287e-02  3 14.500 3
 0.48602510e-03  4 12.000 3
0
5
450 222 1520
400 201 2342
350 187 3681
300 175 6280
250 164 12400
