name:	  krypton
id:	  2
text:	  short EOS; fixed: Lemmon & Span
pc:	  5.525432
Tc:	  209.479552
vc:	  92.187618
M:	  8.37980000e+01
Ts:	  209.48
vs:	  92.165899

27.650
6
 8.35610000e-01  1  0.250  
-2.37250000e+00  1  1.125  
 5.45670000e-01  1  1.500  
 1.43610000e-02  2  1.375  
 6.65020000e-02  3  0.250  
 1.93100000e-04  7  0.875  
6
 1.68180000e-01  2  0.625 1
-3.31330000e-02  5  1.750 1
-1.50080000e-01  1  3.625 2
-2.28970000e-02  4  3.625 2
-2.14540000e-02  3 14.500 3
 6.93970000e-03  4 12.000 3
0

8
178.06 52  249
167.58 49  311
157.11 48  392
146.64 45  506
136.16 43  671
125.69 41  922
104.74 38 1989
 83.79 36 5425

