name:	  nitrogen
id:	  2
text:	  short EOS; fixed: Span & Wagner
pc:	  3.404488
Tc:	  126.253481
vc:	  91.144332
M:	  2.8013000e+01
Ts:	  126.19200
vs:	  89.412703

26.824
6
 0.92296567e+00  1  0.250  
-0.25575012e+01  1  1.125  
 0.64482463e+00  1  1.500  
 0.10831020e-01  2  1.375  
 0.73924167e-01  3  0.250  
 0.23532962e-03  7  0.875  
6
 0.18024854e+00  2  0.625 1
-0.45660299e-01  5  1.750 1
-0.15521060e+00  1  3.625 2
-0.38111490e-01  4  3.625 2
-0.31962422e-01  3 14.500 3
 0.15513532e-01  4 12.000 3
0

8
107.2632 50.2844  254.156
100.9536 47.2204  320.289
 94.6440 44.7702  408.495
 88.3344 42.7223  531.824
 82.0248 40.9541  711.982
 75.7152 39.3867  986.767
 63.0960 36.6543 2160.34
 50.4768 34.2398 5945.94
