name:	  nonane
id:	  2
text:	  short EOS; fixed: Lemmon & Span
pc:	  2.281911
Tc:	  594.547813
vc:	  552.445000
M:	  1.28255100e+02
Ts:	  594.55
vs:	  552.48619

165.746
6
 1.11510000e+00  1  0.250  
-2.70200000e+00  1  1.125  
 8.34160000e-01  1  1.500  
-3.88280000e-01  2  1.375  
 1.37600000e-01  3  0.250  
 2.81850000e-04  7  0.875  
6
 6.20370000e-01  2  0.625 1
 1.58470000e-02  5  1.750 1
-6.17260000e-01  1  3.625 2
-1.50430000e-01  4  3.625 2
-1.29820000e-02  3 14.500 3
 4.43250000e-03  4 12.000 3
0

5
500 283  2050
450 258  3060
400 240  4647
350 226  7493
300 213 13420
