name:	  R113
id:	  2
text:	  short EOS; fixed: Span & Wagner
pc:	  3.423289
Tc:	  487.834006
vc:	  348.974912
M:	  1.8737600e+02
Ts:	  487.21000
vs:	  334.60000

100.38
5
 0.10519071e+01  1  0.250  
-0.28724742e+01  1  1.250  
 0.41983153e+00  1  1.500  
 0.87107788e-01  3  0.250  
 0.24105194e-03  7  0.875  
7
 0.70738262e+00  1  2.375 1
 0.93513411e+00  2  2.000 1
-0.96713512e-02  5  2.125 1
-0.52595315e+00  1  3.500 2
 0.22691984e-01  1  6.500 2
-0.14556325e+00  4  4.750 2
-0.27419950e-01  2 12.500 3
0

8
414.1285 177.308  1029.44
389.7680 166.558  1317.77
365.4075 157.8    1711.48
341.0470 150.365  2283.87
316.6865 143.873  3169.53
292.3260 138.078  4628
243.6050 127.919 11984.1
194.8840 118.905 43043.3
