name:	  R123
id:	  2
text:	  short EOS; fixed: Span & Wagner
pc:	  3.697454
Tc:	  457.419749
vc:	  294.529117
M:	  1.5293100e+02
Ts:	  456.82000
vs:	  276.547920

82.964
5
 0.11169730e+01  1  0.250  
-0.30745930e+01  1  1.250  
 0.51063873e+00  1  1.500  
 0.94478812e-01  3  0.250  
 0.29532752e-03  7  0.875  
7
 0.66974438e+00  1  2.375 1
 0.96438575e+00  2  2.000 1
-0.14865424e-01  5  2.125 1
-0.49221959e+00  1  3.500 2
-0.22831038e-01  1  6.500 2
-0.14074860e+00  4  4.750 2
-0.25117301e-01  2 12.500 3
0

8
388.297 149.47    903.514
365.456 140.275  1166.65
342.615 132.808  1526.96
319.774 126.469  2051.08
296.933 120.925  2861.13
274.092 115.962  4192.94
228.410 107.231 10905.9
182.728 99.4481 39272.2
