name:	  R12
id:	  2
text:	  short EOS; fixed: Span & Wagner
pc:	  4.150596
Tc:	  385.404121
vc:	  221.975809
M:	  1.2091400e+02
Ts:	  385.12000
vs:	  214.007080

64.202
5
 0.10557228e+01  1  0.250  
-0.33312001e+01  1  1.250  
 0.10197244e+01  1  1.500  
 0.84155115e-01  3  0.250  
 0.28520742e-03  7  0.875  
7
 0.39625057e+00  1  2.375 1
 0.63995721e+00  2  2.000 1
-0.21423411e-01  5  2.125 1
-0.36249173e+00  1  3.500 2
 0.19341990e-02  1  6.500 2
-0.92993833e-01  4  4.750 2
-0.24876461e-01  2 12.500 3
0

8
327.352 118.608    647.475
308.096 111.609    826.009
288.840 105.89    1071.49
269.584 100.996   1430.72
250.328  96.6697  1989.55
231.072  92.7523  2913.74
192.560  85.7442  7603.81
154.048  79.3966 27569.4
