name:	  R134a
id:	  2
text:	  short EOS; fixed: Span & Wagner
pc:	  4.093699
Tc:	  374.697078
vc:	  207.392766
M:	  1.0203200e+02
Ts:	  374.18000
vs:	  200.850394

60.255
5
 0.10663189e+01  1  0.250  
-0.24495970e+01  1  1.250  
 0.44645718e-01  1  1.500  
 0.75656884e-01  3  0.250  
 0.20652089e-03  7  0.875  
7
 0.42006912e+00  1  2.375 1
 0.76739111e+00  2  2.000 1
 0.17897427e-02  5  2.125 1
-0.36219746e+00  1  3.500 2
-0.67809370e-01  1  6.500 2
-0.10616419e+00  4  4.750 2
-0.18185791e-01  2 12.500 3
0

8
299.344 99.936    873.126
280.635 94.5242  1146.51
261.926 89.9604  1542.08
243.217 85.9941  2149.52
224.508 82.464   3142.15
205.799 79.2569  4874.39
187.090 76.2858  8118.27
149.672 70.7909 29267.4
