name:	  R143a
id:	  2
text:	  short EOS; fixed: Span & Wagner
pc:	  3.825841
Tc:	  346.703548
vc:	  199.920443
M:	  0.8404000e+02
Ts:	  345.86000
vs:	  193.595946

58.079
5
 0.10306886e+01  1  0.250  
-0.29497307e+01  1  1.250  
 0.69435230e+00  1  1.500  
 0.71552102e-01  3  0.250  
 0.19155982e-03  7  0.875  
7                   
 0.79764936e-01  1  2.375 1
 0.56859424e+00  2  2.000 1
-0.90946566e-02  5  2.125 1
-0.24199452e+00  1  3.500 2
-0.70610813e-01  1  6.500 2
-0.75041709e-01  4  4.750 2
-0.16411241e-01  2 12.500 3
0

8
276.688 98.0238   832.3
259.395 92.724   1090.64
242.102 88.2332  1463.25
224.809 84.3128  2033.38
207.516 80.8107  2962.02
190.223 77.6211  4578.57
172.930 74.6636  7601.96
138.344 69.1888 27090.5
