name:	  R218
id:	  2
text:	  short EOS; fixed: Lemmon & Span
pc:	  2.640206
Tc:	  345.019969
vc:	  299.405033
M:	  1.88019330e+02
Ts:	  345.02
vs:	  299.40120

89.820
5
 1.32700000e+00  1  0.250  
-3.84330000e+00  1  1.250  
 9.22000000e-01  1  1.500  
 1.13600000e-01  3  0.250  
 3.61950000e-04  7  0.875  
7                   
 1.10010000e+00  1  2.375 1
 1.18960000e+00  2  2.000 1
-2.51470000e-02  5  2.125 1
-6.59230000e-01  1  3.500 2
-2.79690000e-02  1  6.500 2
-1.83300000e-01  4  4.750 2
-2.16300000e-02  2 12.500 3
0

8
276.016 151.35   1251.53
258.765 143.265  1631.89
241.514 136.439  2182.59
224.263 130.491  3031.5
207.012 125.18   4425.46
189.761 120.337  6867
172.510 115.84  11444.5
138.008 107.501 41140
