name:	1,2-dichloroethane
id:	1
text:	fixed: Thol et al.
pc:	5.27913500e+00
Tc:	5.61878720e+02
vc:	2.11302942e+02
M:	9.89597000e+01
Ts:	561.6
vs:	230.947

66.5
5
 5.1000000000000e-02  4  1.000
 1.9900000000000e+00  1  0.352
-2.5950000000000e+00  1  0.890
-6.6530000000000e-01  2  0.824
 2.3595000000000e-01  3  0.498
5
-1.7000000000000e+00  1  1.630 2
-4.4530000000000e-01  3  4.070 2
 6.7247400000000e-01  2  0.679 1
-2.1918000000000e-01  2  2.850 2
-3.5540000000000e-02  7  1.070 1
5
 9.7650000000000e-01  1  1.700 0.660 0.574 0.571 0.995
-4.9517900000000e-01  1  2.090 1.360 1.800 0.862 0.329
-2.3291174000000e-01  3  1.930 0.711 0.462 0.597 0.525
-1.0902450000000e-02  3  3.720 1.700 3.220 1.160 0.850
 3.9209000000000e-01  1  1.580 1.100 2.220 0.208 0.585
5
430 115.0  500
420 108.0  550
400 105.0  625
300  90.0 1400
250  85.0 2000
