name:	  butane
id:	  1
text:	  fixed: Bücker & Wagner
pc:	  3.796
Tc:	  425.125
vc:	  254.9219298
M:	  5.812220e+01
Ts:	425.125 
vs:	254.9219298

75.0
7
 2.5536998241635e+00  1  0.50
-4.4585951806696e+00  1  1.00
 8.2425886369063e-01  1  1.50
 1.1215007011442e-01  2  0.00
-3.5910933680333e-02  3  0.50
 1.6790508518103e-02  4  0.50
 3.2734072508724e-02  4  0.75
16
 9.5571232982005e-01  1  2.00 1
-1.0003385753419e+00  1  2.50 1
 8.5581548803855e-02  2  2.50 1
-2.5147918369616e-02  7  1.50 1
-1.5202958578918e-03  8  1.00 1
 4.7060682326420e-03  8  1.50 1
-9.7845414174006e-02  1  4.00 2
-4.8317904158760e-02  2  7.00 2
 1.7841271865468e-01  3  3.00 2
 1.8173836739334e-02  3  7.00 2
-1.1399068074953e-01  4  3.00 2
 1.9329896666669e-02  5  1.00 2
 1.1575877401010e-03  5  6.00 2
 1.5253808698116e-04 10  0.00 2
-4.3688558458471e-02  2  6.00 3
-8.2403190629989e-03  6 13.00 3
2
-2.8390056949441e-02  1  2.00 10 150 0.85 1.16
 1.4904666224681e-03  2  0.00 10 200 1.00 1.13
6
400 164  500
390 154  588
380 147  714
350 133  833
300 118 1430
200 100 4550
140  91 1.41e+04
