name:	  dimethyl_ether
id:	  1
text:	  fixed: Lemmon2011a
pc:	  5.3368
Tc:	  400.378
vc:	  168.350
M:	  46.06844
Ts:	  400.378
vs:	  168.350

45.0
5
 0.029814139 4  1.0
 1.43517     1  0.4366
-2.64964     1  1.011
-0.29515532  2  1.137
 0.17035607  3  0.45
6
-0.94642918  1  2.83   2
-0.099250514 3  1.5    2
 1.1264071   2  1.235  1
-0.76936548  2  2.675  2
-0.020717696 7  0.7272 1
 0.24527037  1  1.816  1
4
 1.1863438   1  1.783  0.965336   1.28719   0.672698  1.277720
-0.49398368  1  3.779  1.50858    0.806235  0.924246  0.430750
-0.16388716  3  3.282  0.963855   0.777942  0.750815  0.429607
-0.027583584 3  1.059  9.72643  197.681     0.800022  1.138490
6
290 110  400
280 100  450
250  96  710
200  92 1400
150  84 3200
120  81 5700
