name:	hydrogen
id:	1
text:	fixed: Leachman & Jacobsen
pc:	1.2964
Tc:	33.145
vc:	64.48285
M:	2.01594e+00
Ts:	33.145
vs:	64.48284756

20.0
7
-6.93643   1 0.6844
 0.01      4 1.0
 2.1101    1 0.989
 4.52059   1 0.489
 0.732564  2 0.803
-1.34086   2 1.1444
 0.130985  3 1.409
2
-0.777414  1 1.754 1
 0.351944  3 1.311 1
5
-0.0211716 2 4.187 +1.685 +0.171  1.506 0.7164
 0.0226312 1 5.646 +0.489 +0.2245 0.156 1.3444
 0.032187  3 0.791 +0.103 +0.1304 1.736 1.4517
-0.0231752 1 7.249 +2.506 +0.2785  0.67 0.7204
 0.0557346 1 2.986 +1.607 +0.3967 1.662 1.5445
5
24 36  212
22 36  260
20 34  300
15 32  550
10 30 1150
