name:	  methylpropane
id:	  1
text:	  fixed: Bücker & Wagner
pc:	  3.629
Tc:	  407.81
vc:	  257.7481153
M:	5.812220e+01
Ts:	407.81
vs:	257.7481153

75.0
7
 2.0686820727966e+00  1  0.50
-3.6400098615204e+00  1  1.00
 5.1968754427244e-01  1  1.50
 1.7745845870123e-01  2  0.00
-1.2361807851599e-01  3  0.50
 4.5145314010528e-02  4  0.50
 3.0476479965980e-02  4  0.75
16
 7.5508387706302e-01  1  2.00 1
-8.5885381015629e-01  1  2.50 1
 3.6324009830684e-02  2  2.50 1
-1.9548799450550e-02  7  1.50 1
-4.4452392904960e-03  8  1.00 1
 4.6410763666460e-03  8  1.50 1
-7.1444097992825e-02  1  4.00 2
-8.0765060030713e-02  2  7.00 2
 1.5560460945053e-01  3  3.00 2
 2.0318752160332e-03  3  7.00 2
-1.0624883571689e-01  4  3.00 2
 3.9807690546305e-02  5  1.00 2
 1.6371431292386e-02  5  6.00 2
 5.3212200682628e-04 10  0.00 2
-7.8681561156387e-03  2  6.00 3
-3.0981191888963e-03  6 13.00 3
2
-4.2276036810382e-02  1  2.00 10 150 0.85 1.16
-5.3001044558079e-03  2  0.00 10 200 1.00 1.13
6
390 172  476
380 161  556
350 142  770
300 123 1250
200 102 4168
140  93 1.25e+04
