name:	  argon
id:	  4
text:	  fixed: GERG-2004 project
pc:	  4.879811
Tc:	  150.791435
vc:	  76.744877
M:	  39.9480
Ts:	  150.687
vs:	  74.58551157

22.376
6
 0.85095714803969e+00  1  0.250  
-0.24003222943480e+01  1  1.125  
 0.54127841476466e+00  1  1.500  
 0.16919770692538e-01  2  1.375  
 0.68825965019035e-01  3  0.250  
 0.21428032815338e-03  7  0.875  
6	                   
 0.17429895321992e+00  2  0.625 1
-0.33654495604194e-01  5  1.750 1
-0.13526799857691e+00  1  3.625 2
-0.16387350791552e-01  4  3.625 2
-0.24987666851475e-01  3 14.500 3
 0.88769204815709e-02  4 12.000 3
0

5
130 50   90
120 48  130
100 40  300
 80 34  780
 70 32 1450
