name:	  decane
id:	  5
text:	  fixed: GERG-2008 project
pc:	  2.101334
Tc:	  617.698845
vc:	  609.754171
M:	  142.28168
Ts:	  617.7
vs:	  609.7561

182.927
6
 0.10461000000000e+01  1  0.250  
-0.24807000000000e+01  1  1.125  
 0.74372000000000e+00  1  1.500  
-0.52579000000000e+00  2  1.375  
 0.15315000000000e+00  3  0.250  
 0.32865000000000e-03  7  0.875  
6
 0.84178000000000e+00  2  0.625 1
 0.55424000000000e-01  5  1.750 1
-0.73555000000000e+00  1  3.625 2
-0.18507000000000e+00  4  3.625 2
-0.20775000000000e-01  3 14.500 3
 0.12335000000000e-01  4 12.000 3
0

4
450 390.0 1000.0
400 340.0 1700.0
350 270.0 2800.0
280 230.0 6700.0
