name:	  ethane
id:	  4
text:	  fixed: GERG-2004 project
pc:	  4.867232
Tc:	  305.190894
vc:	  145.622305
M:	  30.06904
Ts:	  305.3220
vs:	  145.5423040

44.400
6
 0.63596780450714e+00  1  0.125  
-0.17377981785459e+01  1  1.125  
 0.28914060926272e+00  2  0.375  
-0.33714276845694e+00  2  1.125  
 0.22405964699561e-01  4  0.625  
 0.15715424886913e-01  4  1.500  
18
 0.11450634253745e-01  1  0.625 1
 0.10612049379745e+01  1  2.625 1
-0.12855224439423e+01  1  2.750 1
 0.39414630777652e+00  2  2.125 1
 0.31390924682041e+00  3  2.000 1
-0.21592277117247e-01  6  1.750 1
-0.21723666564905e+00  2  4.500 2
-0.28999574439489e+00  3  4.750 2
 0.42321173025732e+00  3  5.000 2
 0.46434100259260e-01  4  4.000 2
-0.13138398329741e+00  4  4.500 2
 0.11492850364368e-01  2  7.500 3
-0.33387688429909e-01  3 14.000 3
 0.15183171583644e-01  4 11.500 3
-0.47610805647657e-02  5 26.000 6
 0.46917166277885e-01  6 28.000 6
-0.39401755804649e-01  6 30.000 6
-0.32569956247611e-02  7 16.000 6
0

5
280 120  170
270  96  205
250  96  330
200  76 1000
150  64 4150
