name:	  methane
id:	  4
text:	  fixed: GERG-2004 project
pc:	  4.59900000
Tc:	  190.56400
vc:	  98.62572236
M:	  16.042460
Ts:	  190.56400
vs:	  98.62572236

29.0
6
 0.57335704239162e+00  1  0.125  
-0.16760687523730e+01  1  1.125  
 0.23405291834916e+00  2  0.375  
-0.21947376343441e+00  2  1.125  
 0.16369201404128e-01  4  0.625  
 0.15004406389280e-01  4  1.500  
18
 0.98990489492918e-01  1  0.625 1
 0.58382770929055e+00  1  2.625 1
-0.74786867560390e+00  1  2.750 1
 0.30033302857974e+00  2  2.125 1
 0.20985543806568e+00  3  2.000 1
-0.18590151133061e-01  6  1.750 1
-0.15782558339049e+00  2  4.500 2
 0.12716735220791e+00  3  4.750 2
-0.32019743894346e-01  3  5.000 2
-0.68049729364536e-01  4  4.000 2
 0.24291412853736e-01  4  4.500 2
 0.51440451639444e-02  2  7.500 3
-0.19084949733532e-01  3 14.000 3
 0.55229677241291e-02  4 11.500 3
-0.44197392976085e-02  5 26.000 6
 0.40061416708429e-01  6 28.000 6
-0.33752085907575e-01  6 30.000 6
-0.25127658213357e-02  7 16.000 6
0

7
180  88.0  120.0
170  84.0  130.0
160  82.0  200.0
140  64.0  400.0
120  54.0  800.0
100  48.0 1950.0
 80  42.0 6000.0
