name:	  oxygen
id:	  4
text:	  fixed: GERG-2004 project
pc:	  5.061616
Tc:	  154.708714
vc:	  76.212185
M:	  3.1998800
Ts:	  154.595000
vs:	  73.36757153

22.0
6
 0.88878286369701e+00  1  0.250  
-0.24879433312148e+01  1  1.125  
 0.59750190775886e+00  1  1.500  
 0.96501817061881e-02  2  1.375  
 0.71970428712770e-01  3  0.250  
 0.22337443000195e-03  7  0.875  
6
 0.18558686391474e+00  2  0.625 1
-0.38129368035760e-01  5  1.750 1
-0.15352245383006e+00  1  3.625 2
-0.26726814910919e-01  4  3.625 2
-0.25675298677127e-01  3 14.500 3
 0.95714302123668e-02  4 12.000 3
0

5
135 64   75
130 52   90
120 46  150
100 38  330
 70 30 1600
