name:	  butane
id:	  2
text:	  short EOS; fixed: Span & Wagner
pc:	  3.830271
Tc:	  425.758766
vc:	  269.745596
M:	  5.81230000e+01
Ts:	  425.125000
vs:	  255.104459

76.531
6
 0.10626277e+01  1  0.250  
-0.28620952e+01  1  1.125  
 0.88738233e+00  1  1.500  
-0.12570581e+00  2  1.375  
 0.10286309e+00  3  0.250  
 0.25358041e-03  7  0.875  
6       	            
 0.32325200e+00  2  0.625 1
-0.37950761e-01  5  1.750 1
-0.32534802e+00  1  3.625 2
-0.79050969e-01  4  3.625 2
-0.20636721e-01  3 14.500 3
 0.57053809e-02  4 12.000 3
0

8
361.356 139   774
340.100 131   974
318.844 125  1231
297.588 119  1581
276.331 115  2080
255.075 110  2828
212.563 103  5953
170.050  97 15846
