name:	  ethane
id:	  2
text:	  short EOS; fixed: Span & Wagner
pc:	  4.806099
Tc:	  305.509349
vc:	  155.371269
M:	  3.0070000e+01
Ts:	  305.3220000
vs:	  148.000000

44.400
6
 0.97628068e+00  1  0.250  
-0.26905251e+01  1  1.125  
 0.73498222e+00  1  1.500  
-0.35366206e-01  2  1.375  
 0.84692031e-01  3  0.250  
 0.24154594e-03  7  0.875  
6
 0.23964954e+00  2  0.625 1
-0.42780093e-01  5  1.750 1
-0.22308832e+00  1  3.625 2
-0.51799954e-01  4  3.625 2
-0.27178426e-01  3 14.500 3
 0.11246305e-01  4 12.000 3
0

8
259.52 83  435
244.26 78  546
228.99 74  693
213.73 71  897
198.46 68 1191
183.19 65 1638
152.66 61 3530
122.13 57 9592
