name:	  hexane
id:	  2
text:	  short EOS; fixed: Span & Wagner
pc:	  3.041599
Tc:	  507.794459
vc:	  386.748270
M:	  8.61770000e+01
Ts:	  507.820000
vs:	  369.572862

110.872
6
 0.10553238e+01  1  0.250  
-0.26120616e+01  1  1.125  
 0.76613883e+00  1  1.500  
-0.29770321e+00  2  1.375  
 0.11879908e+00  3  0.250  
 0.27922861e-03  7  0.875  
6
 0.46347590e+00  2  0.625 1
 0.11433197e-01  5  1.750 1
-0.48256969e+00  1  3.625 2
-0.93750559e-01  4  3.625 2
-0.67273247e-02  3 14.500 3
-0.51141584e-02  4 12.000 3
0

5
420 190 1300
400 185 1600
350 170 2500
300 155 4200
250 145 8100
