name:	  methylpropane
id:	  2
text:	  short EOS; fixed: Span & Wagner
pc:	  3.633090
Tc:	  407.749505
vc:	  267.502698
M:	  5.8123000e+01
Ts:	  407.817000
vs:	  259.061330

77.718
6
 0.10429332e+01  1  0.250  
-0.28184273e+01  1  1.125  
 0.86176232e+00  1  1.500  
-0.10613619e+00  2  1.375  
 0.98615749e-01  3  0.250  
 0.23948209e-03  7  0.875  
6
 0.30330005e+00  2  0.625 1
-0.41598156e-01  5  1.750 1
-0.29991937e+00  1  3.625 2
-0.80369343e-01  4  3.625 2
-0.29761373e-01  3 14.500 3
 0.13059630e-01  4 12.000 3
0

8
346.6444 140.129   793.015
326.2536 131.974  1003.85
305.8627 125.473  1280.13
285.4719 120.037  1660.32
265.0810 115.335  2208.44
244.6902 111.159  3035.91
203.9085 103.857  6527.37
163.1268 97.3824 17659.8
