name:	  methylbutane
id:	  2
text:	  short EOS; fixed: Lemmon & Span
pc:	  3.378217
Tc:	  460.349795
vc:	  305.718448
M:	  7.21487800e+01
Ts:	  460.35
vs:	  305.71691

91.715
6
 1.09630000e+00  1  0.250  
-3.04020000e+00  1  1.125  
 1.03170000e+00  1  1.500  
-1.54100000e-01  2  1.375  
 1.15350000e-01  3  0.250  
 2.98090000e-04  7  0.875  
6	                   
 3.95710000e-01  2  0.625 1
-4.58810000e-02  5  1.750 1
-3.58040000e-01  1  3.625 2
-1.01070000e-01  4  3.625 2
-3.54840000e-02  3 14.500 3
 1.81560000e-02  4 12.000 3
0

9
414.3150 179.714   770.689
391.2975 166.346   987.684
368.2800 156.479  1256.34
345.2625 148.644  1607.97
322.2450 142.118  2091.21
299.2275 136.49   2787.01
276.2100 131.502  3836.06
230.1750 122.8    8254.03
184.1400 115.093 22310
