name:	  octane
id:	  2
text:	  short EOS; fixed: Span & Wagner
pc:	  2.506636
Tc:	  569.570355
vc:	  501.835347
M:	  1.14231000e+02
Ts:	  569.320000
vs:	  486.296296

145.88
6
 0.10722545e+01  1  0.250  
-0.24632951e+01  1  1.125  
 0.65386674e+00  1  1.500  
-0.36324974e+00  2  1.375  
 0.12713270e+00  3  0.250  
 0.30713573e-03  7  0.875  
6
 0.52656857e+00  2  0.625 1
 0.19362863e-01  5  1.750 1
-0.58939427e+00  1  3.625 2
-0.14069964e+00  4  3.625 2
-0.78966331e-02  3 14.500 3
 0.33036598e-02  4 12.000 3
0

5
450 239  2210
400 220  3340
350 206  5290
300 193  9190
250 185 18640 
