name:	  oxygen
id:	  2
text:	  short EOS; fixed: Span & Wagner
pc:	  5.061542
Tc:	  154.708709
vc:	  76.213307
M:	  3.19990000e+01 
Ts:	  154.595000
vs:	  73.368643

22.011
6
 0.88878286e+00  1  0.250  
-0.24879433e+01  1  1.125  
 0.59750191e+00  1  1.500  
 0.96501817e-02  2  1.375  
 0.71970429e-01  3  0.250  
 0.22337443e-03  7  0.875  
6
 0.18558686e+00  2  0.625 1
-0.38129368e-01  5  1.750 1
-0.15352245e+00  1  3.625 2
-0.26726815e-01  4  3.625 2
-0.25675299e-01  3 14.500 3
 0.95714302e-02  4 12.000 3
0

10
131.40575 41.3695  204.694
123.67600 38.8846  256.247
115.94625 36.8907  324.607
108.21650 35.2164  419.78
100.48675 33.7638  558.403
 92.75700 32.4713  769.438
 85.02725 31.2967 1105.74
 77.29750 30.2091 1669.09
 69.56775 29.1848 2668.38
 61.83800 28.2041 4566.73
