name:	  propane
id:	  2
text:	  short EOS; fixed: Span & Wagner
pc:	  4.255366
Tc:	  369.938797
vc:	  206.712595
M:	  4.40970000e+01
Ts:	  369.825000
vs:	  200.004536

60.000
6
 0.10403973e+01  1  0.250  
-0.28318404e+01  1  1.125  
 0.84393810e+00  1  1.500  
-0.76559592e-01  2  1.375  
 0.94697373e-01  3  0.250  
 0.24796475e-03  7  0.875  
6
 0.27743760e+00  2  0.625 1
-0.43846001e-01  5  1.750 1
-0.26991065e+00  1  3.625 2
-0.69313413e-01  4  3.625 2
-0.29632146e-01  3 14.500 3
 0.14040127e-01  4 12.000 3
0

8
314.35 110   607
295.86 104   766
277.37  99   975
258.88  94  1264
240.39  91  1680
221.90  87  2311
184.91  81  4976
147.93  76 13493
