name:	  propanone
id:	  2
text:	  short EOS; fixed: Lemmon & Span
pc:	  4.692416
Tc:	  508.100009
vc:	  212.771047
M:	  5.80791400e+01
Ts:	  508.1
vs:	  212.76596

63.830
5
 9.00410000e-01  1  0.250  
-2.12670000e+00  1  1.250  
-8.34090000e-02  1  1.500  
 6.56830000e-02  3  0.250  
 1.65270000e-04  7  0.875  
7                 
-3.96630000e-02  1  2.375 1
 7.20850000e-01  2  2.000 1
 9.23180000e-03  5  2.125 1
-1.72170000e-01  1  3.500 2
-1.49610000e-01  1  6.500 2
-7.61240000e-02  4  4.750 2
-1.81660000e-02  2 12.500 3
0

9
431.885 112.332   805.36
406.480 105.198  1072.21
381.075 99.4154  1439.88
355.670 94.5331  1975.19
330.265 90.2918  2800.66
304.860 86.5194  4154.15
279.455 83.0951  6525.03
254.050 79.9252 10988.4
203.240 74.0593 40486.6
