name:	  R11
id:	  2
text:	  short EOS; fixed: Span & Wagner
pc:	  4.304528
Tc:	  469.523617
vc:	  270.545124
M:	  1.3736800e+02
Ts:	  471.060000
vs:	  243.129204

72.939
5
 0.10656383e+01  1  0.250  
-0.32495206e+01  1  1.250  
 0.87823894e+00  1  1.500  
 0.87611569e-01  3  0.250  
 0.29950049e-03  7  0.875  
7                   
 0.42896949e+00  1  2.375 1
 0.70828452e+00  2  2.000 1
-0.17391823e-01  5  2.125 1
-0.37626522e+00  1  3.500 2
 0.11605284e-01  1  6.500 2
-0.89550567e-01  4  4.750 2
-0.30063991e-01  2 12.500 3
0

9
400.401 135.408    757.633
376.848 127.555    968.701
353.295 121.129   1260.47
329.742 115.616   1689.7
306.189 110.731   2360.46
282.636 106.292   3473.62
259.083 102.178   5438.18
235.530  98.2994  9140.93
188.424  90.9968 33300.0
