name:	  R141b
id:	  2
text:	  short EOS; fixed: Lemmon & Span
pc:	  4.211652
Tc:	  477.500028
vc:	  255.032038
M:	  1.16949620e+02
Ts:	  477.5
vs:	  255.03698

76.511
5
 1.14690000e+00  1  0.250
-3.67990000e+00  1  1.250
 1.34690000e+00  1  1.500
 8.33290000e-02  3  0.250
 2.51370000e-04  7  0.875
7
 3.27200000e-01  1  2.375 1
 4.69460000e-01  2  2.000 1
-2.98290000e-02  5  2.125 1
-3.16210000e-01  1  3.500 2
-2.62190000e-02  1  6.500 2
-7.80430000e-02  4  4.750 2
-2.04980000e-02  2 12.500 3
0

0
