name:	  R152a
id:	  2
text:	  short EOS; fixed: Span & Wagner
pc:	  4.555534
Tc:	  386.897743
vc:	  185.260706
M:	  0.6605100e+02
Ts:	  386.41000
vs:	  179.4864

53.846
5
 0.95702326e+00  1  0.250  
-0.23707196e+01  1  1.250  
 0.18748463e+00  1  1.500  
 0.63800843e-01  3  0.250  
 0.16625977e-03  7  0.875  
7                  
 0.82208165e-01  1  2.375 1
 0.57243518e+00  2  2.000 1
 0.39476701e-02  5  2.125 1
-0.23848654e+00  1  3.500 2
-0.80711618e-01  1  6.500 2
-0.73103558e-01  4  4.750 2
-0.15538724e-01  2 12.500 3
0

8
309.1280 89.7916   786.788
289.8075 84.899   1033.15
270.4870 80.7604  1388.15
251.1665 77.1569  1930.63
231.8460 73.9464  2812.96
212.5255 71.0288  4347.07
193.2050 68.327   7214.02
154.5640 63.3308 25914.5
