name:	  R22
id:	  2
text:	  short EOS; fixed: Span & Wagner
pc:	  5.002825
Tc:	  369.429017
vc:	  172.343540
M:	  0.86469000e+02
Ts:	  369.28000
vs:	  166.286539

49.886
5
 0.96268924e+00  1  0.250  
-0.25275103e+01  1  1.250  
 0.31308745e+00  1  1.500  
 0.72432837e-01  3  0.250  
 0.21930233e-03  7  0.875  
7
 0.33294864e+00  1  2.375 1
 0.63201229e+00  2  2.000 1
-0.32787841e-02  5  2.125 1
-0.33680834e+00  1  3.500 2
-0.22749022e-01  1  6.500 2
-0.87867308e-01  4  4.750 2
-0.21108145e-01  2 12.500 3
0

8
313.888 90.5141   519.003
295.424 85.0304   665.265
276.960 80.5497   865.142
258.496 76.7212  1155.28
240.032 73.3514  1602.79
221.568 70.32    2337.31
184.640 64.96    6034.53
147.712 60.1699 21723.4
