name:	  R32
id:	  2
text:	  short EOS; fixed: Span & Wagner
pc:	  5.833610
Tc:	  351.656247
vc:	  122.153306
M:	  0.5202400e+02
Ts:	  351.35000
vs:	  121.836066

36.551
5
 0.92876414e+00  1  0.250  
-0.24673952e+01  1  1.250  
 0.40129043e+00  1  1.500  
 0.55101049e-01  3  0.250  
 0.11559754e-03  7  0.875  
7
-0.25209758e+00  1  2.375 1
 0.42091879e+00  2  2.000 1
 0.37071833e-02  5  2.125 1
-0.10308607e+00  1  3.500 2
-0.11592089e+00  1  6.500 2
-0.44350855e-01  4  4.750 2
-0.12788805e-01  2 12.500 3
0

8
298.6475 64.4695   427.749
281.0800 60.3275   560.334
263.5125 56.9726   740.955
245.9450 54.1416  1000.87
228.3775 51.6849  1397.13
210.8100 49.5047  2040.14
175.6750 45.7084  5243.7
140.5400 42.3512 18929.8
