name:	  R41
id:	  2
text:	  short EOS; fixed: Lemmon & Span
pc:	  4.053274
Tc:	  301.367597
vc:	  125.376146
M:	  3.40329200e+01
Ts:	  317.28
vs:	  107.52688

32.258
5
 8.53160000e-01  1  0.250
-2.63660000e+00  1  1.250
 6.91290000e-01  1  1.500
 5.46810000e-02  3  0.250
 1.27960000e-04  7  0.875
7
-3.70930000e-01  1  2.375 1
 3.39200000e-01  2  2.000 1
-1.74130000e-03  5  2.125 1
-9.54170000e-02  1  3.500 2
-7.88520000e-02  1  6.500 2
-3.07290000e-02  4  4.750 2
-1.14970000e-02  2 12.500 3
0

0
pc:	  5.897
Tc:	  317.28
vc:	  107.52688
