name:	  sulfur_dioxide
id:	  2
text:	  short EOS; fixed: Lemmon & Span
pc:	  7.875664
Tc:	  430.642693
vc:	  122.329265
M:	  6.40638000e+01
Ts:	  430.64
vs:	  122.02563

36.608
5
 9.30610000e-01  1  0.250  
-1.95280000e+00  1  1.250  
-1.74670000e-01  1  1.500  
 6.15240000e-02  3  0.250  
 1.77110000e-04  7  0.875  
7
 2.16150000e-01  1  2.375 1
 5.13530000e-01  2  2.000 1
 1.04190000e-02  5  2.125 1
-2.52860000e-01  1  3.500 2
-5.47200000e-02  1  6.500 2
-5.98560000e-02  4  4.750 2
-1.65230000e-02  2 12.500 3
0

0
344.512 62.392    497.094
322.980 59.0577   647.534
301.448 56.206    865.291
279.916 53.6942  1199.92
258.384 51.4337  1747.22
236.852 49.3632  2703.07
215.320 47.4368  4494.28
193.788 45.6154  8124.53
172.256 43.8647 16183.2
