name:	  R125
id:	  1
text:	  fixed: Lemmon & Jacobsen
pc:	  3.6177
Tc:	  339.17300
vc:	  209.248797
M:	  1.2002200e+02
Ts:	  339.17300
vs:	  209.248797

60.0
5
 5.280760	1	 0.669
-8.676580	1	 1.05
 0.7501127	1	 2.75
 0.7590023	2	 0.956
 0.01451899	4	 1.00
10
 4.777189	1	 2.00	1
-3.330988	1	 2.75	1
 3.775673	2	 2.38	1
-2.290919	2	 3.37	1
 0.8888268	3	 3.47	1
-0.6234864	4	 2.63	1
-0.04127263	5	 3.45	1
-0.08455389	1	 0.72	2
-0.1308752	5	 4.23	2
 0.008344962	1	 0.20	3
3
-1.532005	2	 4.5	2	1.7
-0.05883649	3	29.0	3	7.0
 0.02296658	5	24.0	3	6.0
5
220 91 1450
200 86 1950
190 84 2300
180 82 2700
170 80 3200
