name1:	methane
id1:	4
name2:	carbon_dioxide
id2:	4
id:	1
text:	fixed: GERG-2004
betaV:	0.999518072
gammaV:	1.002806594
betaT:	1.022624490
gammaT:	0.975665369
F:	1.0

6
1  2.600 -1.0859387354942e-01  0.000  0.000  0.000  0.000
2  1.950  8.0228576727389e-02  0.000  0.000  0.000  0.000
3  0.000 -9.3303985115717e-03  0.000  0.000  0.000  0.000

1  3.950  4.0989274005848e-02  1.000  0.500  1.000  0.500
2  7.950 -2.4338019772494e-01  0.500  0.500  2.000  0.500
3  8.000  2.3855347281124e-01  0.000  0.500  3.000  0.500
