name1:	methane
id1:	4
name2:	methylpropane
id2:	4
id:	1
text:	fixed: GERG-2004
betaV:	1.011240388
gammaV:	1.054319053
betaT:	0.980315756
gammaT:	1.161117729
F:	0.7710354056880

10
1  1.000  2.5574776844118e+00  0.000  0.000  0.000  0.000
1  1.550 -7.9846357136353e+00  0.000  0.000  0.000  0.000
1  1.700  4.7859131465806e+00  0.000  0.000  0.000  0.000
2  0.250 -7.3265392369587e-01  0.000  0.000  0.000  0.000
2  1.350  1.3805471345312e+00  0.000  0.000  0.000  0.000
3  0.000  2.8349603476365e-01  0.000  0.000  0.000  0.000
3  1.250 -4.9087385940425e-01  0.000  0.000  0.000  0.000
4  0.000 -1.0291888921447e-01  0.000  0.000  0.000  0.000
4  0.700  1.1836314681968e-01  0.000  0.000  0.000  0.000
4  5.400  5.5527385721943e-05  0.000  0.000  0.000  0.000

