name1:	methane
id1:	4
name2:	propane
id2:	4
text:	fixed: GERG-2004
betaV:	1.004827070
gammaV:	1.038470657
betaT:	0.989680305
gammaT:	1.098655531
F:	1.0

9
3  1.850  1.3746429958576e-02  0.000  0.000  0.000  0.000
3  3.950 -7.4425012129552e-03  0.000  0.000  0.000  0.000
4  0.000 -4.5516600213685e-03  0.000  0.000  0.000  0.000
4  1.850 -5.4546603350237e-03  0.000  0.000  0.000  0.000
4  3.850  2.3682016824471e-03  0.000  0.000  0.000  0.000

1  5.250  1.8007763721438e-01  0.250  0.500  0.750  0.500
1  3.850 -4.4773942932486e-01  0.250  0.500  1.000  0.500
1  0.200  1.9327374888200e-02  0.000  0.500  2.000  0.500
2  6.500 -3.0632197804624e-01  0.000  0.500  3.000  0.500
