name1:	methane
id1:	4
name2:	ethane
id2:	4
id:	1
text:	fixed: GERG-2004
betaV:	0.997547866
gammaV:	1.006617867
betaT:	0.996336508
gammaT:	1.049707697
F:	1.0

12
3  0.650 -8.0926050298746e-04  0.000  0.000  0.000  0.000
4  1.550 -7.5381925080059e-04  0.000  0.000  0.000  0.000

1  3.100 -4.1618768891219e-02  1.000  0.500  1.000  0.500
2  5.900 -2.3452173681569e-01  1.000  0.500  1.000  0.500
2  7.050  1.4003840584586e-01  1.000  0.500  1.000  0.500
2  3.350  6.3281744807738e-02  0.875  0.500  1.250  0.500
2  1.200 -3.4660425848809e-02  0.750  0.500  1.500  0.500
2  5.800 -2.3918747334251e-01  0.500  0.500  2.000  0.500
2  2.700  1.9855255066891e-03  0.000  0.500  3.000  0.500
3  0.450  6.1777746171555e+00  0.000  0.500  3.000  0.500
3  0.550 -6.9575358271105e+00  0.000  0.500  3.000  0.500
3  1.950  1.0630185306388e+00  0.000  0.500  3.000  0.500
