name1:	nitrogen
id1:	4
name2:	methane
id2:	4
id:	5
text:	fixed: GERG-2004
betaV:	0.998721377
gammaV: 1.013950311
betaT:	0.998098830
gammaT:	0.979273013
F:	1.00

9
1  0.000 -9.8038985517335e-03  0.000  0.000  0.000  0.000
4  1.850  4.2487270143005e-04  0.000  0.000  0.000  0.000

1  7.850 -3.4800214576142e-02  1.000  0.500  1.000  0.500
2  5.400 -1.3333813013896e-01  1.000  0.500  1.000  0.500
2  0.000 -1.1993694974627e-02  0.250  0.500  2.500  0.500
2  0.750  6.9243379775168e-02  0.000  0.500  3.000  0.500
2  2.800 -3.1022508148249e-01  0.000  0.500  3.000  0.500
2  4.450  2.4495491753226e-01  0.000  0.500  3.000  0.500
3  4.250  2.2369816716981e-01  0.000  0.500  3.000  0.500
