name:	  butane
id:	  4
text:	  fixed: GERG-2004 project
pc:	  3.830337
Tc:	  425.758749
vc:	  269.740983
M:	  58.122200
Ts:	  425.12500
vs:	  255.1000948

76.0
6
 0.10626277411455e+01  1  0.250  
-0.28620951828350e+01  1  1.125  
 0.88738233403777e+00  1  1.500  
-0.12570581155345e+00  2  1.375  
 0.10286308708106e+00  3  0.250  
 0.25358040602654e-03  7  0.875  
6       	            
 0.32325200233982e+00  2  0.625 1
-0.37950761057432e-01  5  1.750 1
-0.32534802014452e+00  1  3.625 2
-0.79050969051011e-01  4  3.625 2
-0.20636720547775e-01  3 14.500 3
 0.57053809334750e-02  4 12.000 3
0

5
370 195  270
350 190  400
300 150  850
250 125 1800
200 115 5000
