name:	  carbon_dioxide
id:	  4
text:	  fixed: GERG-2004 project
pc:	  7.37730
Tc:	  304.1282
vc:	  94.11783574
M:	  44.00950
Ts:	  304.1282
vs:	  94.11783574

28.235
4
 0.52646564804653e+00  1  0.000  
-0.14995725042592e+01  1  1.250  
 0.27329786733782e+00  2  1.625
 0.12949500022786e+00  3  0.375
18
 0.15404088341841e+00  3  0.375 1
-0.58186950946814e+00  3  1.375 1
-0.18022494838296e+00  4  1.125 1
-0.95389904072812e-01  5  1.375 1
-0.80486819317679e-02  6  0.125 1
-0.35547751273090e-01  6  1.625 1
-0.28079014882405e+00  1  3.750 2
-0.82435890081677e-01  4  3.500 2
 0.10832427979006e-01  1  7.500 3
-0.67073993161097e-02  1  8.000 3
-0.46827907600524e-02  3  6.000 3
-0.28359911832177e-01  3 16.000 3
 0.19500174744098e-01  4 11.000 3
-0.21609137507166e+00  5 24.000 5
 0.43772794926972e+00  5 26.000 5
-0.22130790113593e+00  5 28.000 5
 0.15190189957331e-01  5 24.000 6
-0.15380948953300e-01  5 26.000 6
0

5
290 80  102
280 74  110
260 62  190
220 52  520
180 44 1700
