name:	  helium
id:	  4
text:	  fixed: GERG-2004 project
pc:	  0.227460
Tc:	  5.1953
vc:	  57.47456750
M:	  4.002602
Ts:	  5.1953
vs:	  57.47456750

10.0
4
-0.45579024006737e+00  1  0.000
 0.12516390754925e+01  1  0.125  
-0.15438231650621e+01  1  0.750  
 0.20467489707221e-01  4  1.000  
8      	            
-0.34476212380781e+00  1  0.750 1
-0.20858459512787e-01  3  2.625 1
 0.16227414711778e-01  5  0.125 1
-0.57471818200892e-01  5  1.250 1
 0.19462416430715e-01  5  2.000 1
-0.33295680123020e-01  2  1.000 2
-0.10863577372367e-01  1  4.500 3
-0.22173365245954e-01  2  5.000 3
0

3
3.1 56   65
3.0 52  115
2.0 36  265
