name:	  heptane
id:	  4
text:	  fixed: GERG-2004 project
pc:	  2.773814
Tc:	  541.225922
vc:	  445.537130
M:	  100.201940
Ts:	  540.130000
vs:	  431.9049138

120.0
6
 0.10543747645262e+01  1  0.250  
-0.26500681506144e+01  1  1.125  
 0.81730047827543e+00  1  1.500  
-0.30451391253428e+00  2  1.375  
 0.12253868710800e+00  3  0.250  
 0.27266472743928e-03  7  0.875  
6
 0.49865825681670e+00  2  0.625 1
-0.71432815084176e-03  5  1.750 1
-0.54236895525450e+00  1  3.625 2
-0.13801821610756e+00  4  3.625 2
-0.61595287380011e-02  3 14.500 3
 0.48602510393022e-03  4 12.000 3
0

6
430 360  450
420 340  550
400 320 1150
350 250 1900
300 220 3400
270 200 5200
