name:	  methylbutane
id:	  5
text:	  fixed: GERG-2008 project
pc:	  3.378213
Tc:	  460.349795
vc:	  305.718438
M:	  72.148780
Ts:	  460.35000
vs:	  305.7169

90.0
6
 0.10963000000000e+01  1  0.250  
-0.30402000000000e+01  1  1.125  
 0.10317000000000e+01  1  1.500  
-0.15410000000000e+00  2  1.375  
 0.11535000000000e+00  3  0.250  
 0.29809000000000e-03  7  0.875  
6	                   
 0.39571000000000e+00  2  0.625 1
-0.45881000000000e-01  5  1.750 1
-0.35804000000000e+00  1  3.625 2
-0.10107000000000e+00  4  3.625 2
-0.35484000000000e-01  3 14.500 3
 0.18156000000000e-01  4 12.000 3
0

5
410 280.0  300.0
400 250.0  350.0
350 220.0  400.0
300 170.0  500.0
230 140.0 6000.0
