name:	  water
id:	  4
text:	  fixed: GERG-2004 project
pc:	  22.064000
Tc:	  647.096
vc:	  55.94807453
M:	  18.015280
Ts:	  647.096
vs:	  55.94807453

16.0
7
 0.82728408749586e+00  1  0.500
-0.18602220416584e+01  1  1.250  
-0.11199009613744e+01  1  1.875  
 0.15635753976056e+00  2  0.125
 0.87375844859025e+00  2  1.500
-0.36674403715731e+00  3  1.000
 0.53987893432436e-01  4  0.750
9      	            
 0.10957690214499e+01  1  1.500 1
 0.53213037828563e-01  5  0.625 1
 0.13050533930825e-01  5  2.625 1
-0.41079520434476e+00  1  5.000 2
 0.14637443344120e+00  2  4.000 2
-0.55726838623719e-01  4  4.500 2
-0.11201774143800e-01  4  3.000 3
-0.66062758068099e-02  1  4.000 5
 0.46918522004538e-02  1  6.000 5
0
5

470 47  195
450 45  235
400 33  390
350 28  700
270 22 2100
