name:	  cyclohexane
id:	  2
text:	  short EOS; fixed: Span & Wagner
pc:	  3.983585
Tc:	  553.651138
vc:	  320.139124
M:	  8.4161000e+01
Ts:	  553.600000
vs:	  308.259468

92.478
6
 0.10232354e+01  1  0.250  
-0.29204964e+01  1  1.125  
 0.10736630e+01  1  1.500  
-0.19573985e+00  2  1.375  
 0.12228111e+00  3  0.250  
 0.28943321e-03  7  0.875  
6
 0.27231767e+00  2  0.625 1
-0.44833320e-01  5  1.750 1
-0.38253334e+00  1  3.625 2
-0.89835333e-01  4  3.625 2
-0.24874965e-01  3 14.500 3
 0.10836132e-01  4 12.000 3
0

8
470.56 168.01    966.707
442.88 158.046  1217.36
415.20 150.113  1543.97
387.52 143.49   1991.11
359.84 137.768  2632.72
332.16 132.694  3597.25
276.80 123.848  7643.51
221.44 116.039 20459
