name:	  decane
id:	  2
text:	  short EOS; fixed: Lemmon & Span
pc:	  2.101337
Tc:	  617.698845
vc:	  609.754171
M:	  1.42281680e+02
Ts:	  617.7
vs:	  609.75610

182.927
6
 1.04610000e+00  1  0.250  
-2.48070000e+00  1  1.125  
 7.43720000e-01  1  1.500  
-5.25790000e-01  2  1.375  
 1.53150000e-01  3  0.250  
 3.28650000e-04  7  0.875  
6
 8.41780000e-01  2  0.625 1
 5.54240000e-02  5  1.750 1
-7.35550000e-01  1  3.625 2
-1.85070000e-01  4  3.625 2
-2.07750000e-02  3 14.500 3
 1.23350000e-02  4 12.000 3
0

6
520 313  2430
500 301  2859
450 277  4274
400 258  6580
350 243 10840
300 230 19880
