name:	  dimethylpropane
id:	  2
text:	  short EOS; fixed: Lemmon & Span
pc:	  3.196297
Tc:	  433.739592
vc:	  305.814137
M:	  7.21487800e+01
Ts:	  433.74
vs:	  305.81040

91.743
6
 1.11360000e+00  1  0.250  
-3.17920000e+00  1  1.125  
 1.14110000e+00  1  1.500  
-1.04670000e-01  2  1.375  
 1.17540000e-01  3  0.250  
 3.40580000e-04  7  0.875  
6
 2.95530000e-01  2  0.625 1
-7.47650000e-02  5  1.750 1
-3.14740000e-01  1  3.625 2
-9.94010000e-02  4  3.625 2
-3.95690000e-02  3 14.500 3
 2.31770000e-02  4 12.000 3
0

8
368.679 169.288   974.792
346.992 158.94   1238.7
325.305 150.754  1586.96
303.618 143.968  2069.35
281.931 138.14   2768.56
260.244 132.99   3828.4
216.870 124.03   8319.05
173.496 116.104 22683.7
