name:	  dinitrogen_oxide
id:	  2
text:	  short EOS; fixed: Lemmon & Span
pc:	  7.260215
Tc:	  309.575678
vc:	  96.984329
M:	  4.40128000e+01
Ts:	  309.575
vs:	  97.181730

29.155
5
 8.80450000e-01  1  0.250  
-2.42350000e+00  1  1.250  
 3.82370000e-01  1  1.500  
 6.89170000e-02  3  0.250  
 2.03670000e-04  7  0.875  
7                
 1.31220000e-01  1  2.375 1
 4.60320000e-01  2  2.000 1
-3.69850000e-03  5  2.125 1
-2.32630000e-01  1  3.500 2
-4.28590000e-04  1  6.500 2
-4.28100000e-02  4  4.750 2
-2.30380000e-02  2 12.500 3
0

8
247.66000 51.27     368.991
232.18125 48.708    477.083
216.70250 46.5134   635.082
201.22375 44.5706   880.475
185.74500 42.8071  1285.63
170.26625 41.1721  1998
154.78750 39.6277  3337.79
120.00000 36.3432 14563.5
