name:	  methane
id:	  2
text:	  short EOS; fixed: Span & Wagner
pc:	  4.605631
Tc:	  190.612343
vc:	  100.288450
M:	  1.60430000e+01
Ts:	  190.564000
vs:	  98.629042

29.589
6
 0.89269676e+00  1  0.250  
-0.25438282e+01  1  1.125  
 0.64980978e+00  1  1.500  
 0.20793471e-01  2  1.375  
 0.70189104e-01  3  0.250  
 0.23700378e-03  7  0.875  
6    
 0.16653334e+00  2  0.625 1
-0.43855669e-01  5  1.750 1
-0.15726780e+00  1  3.625 2
-0.35311675e-01  4  3.625 2
-0.29570024e-01  3 14.500 3
 0.14019842e-01  4 12.000 3
0

8
161.98 56  278
152.45 53  350
142.92 50  445
133.39 48  578
123.87 46  773
114.34 44 1069
 95.28 41 2333
 76.23 38 6409
