name:	  pentane
id:	  2
text:	  short EOS; fixed: Span & Wagner
pc:	  3.368784
Tc:	  469.658954
vc:	  306.762143
M:	  7.21500000e+01
Ts:	  469.700000
vs:	  310.991379

93.297
6
 0.10968643e+01  1  0.250  
-0.29988888e+01  1  1.125  
 0.99516887e+00  1  1.500  
-0.16170709e+00  2  1.375  
 0.11334460e+00  3  0.250  
 0.26760595e-03  7  0.875  
6
 0.40979882e+00  2  0.625 1
-0.40876423e-01  5  1.750 1
-0.38169482e+00  1  3.625 2
-0.10931957e+00  4  3.625 2
-0.32073223e-01  3 14.500 3
 0.16877016e-01  4 12.000 3
0

8
399.245 168  1009
375.760 158  1284
352.275 150  1640
328.790 144  2128
305.305 138  2827
281.820 133  3878
234.850 124  8283
187.880 117 22248
