name:	  R116
id:	  2
text:	  short EOS; fixed: Lemmon & Span
pc:	  3.047660
Tc:	  293.029793
vc:	  225.020811
M:	  1.38011820e+02
Ts:	  293.03
vs:	  225.02250

67.507
6
 1.16320000e+00  1  0.250  
-2.81230000e+00  1  1.125  
 7.72020000e-01  1  1.500  
-1.43310000e-01  2  1.375  
 1.02270000e-01  3  0.250  
 2.46290000e-04  7  0.875  
6
 3.08930000e-01  2  0.625 1
-2.84990000e-02  5  1.750 1
-3.03430000e-01  1  3.625 2
-6.87930000e-02  4  3.625 2
-2.72180000e-02  3 14.500 3
 1.06650000e-02  4 12.000 3
0

8
249.0755 121.885   692.669
234.4240 114.786   874.929
219.7725 109.108  1112.65
205.1210 104.351  1438.45
190.4695 100.231  1906.62
175.8180 96.5708  2611.61
146.5150 90.177   5577.71
117.2120 84.5216 15011.5
