name:	  R125
id:	  2
text:	  short EOS; fixed: Span & Wagner
pc:	  3.631663
Tc:	  339.376979
vc:	  223.707400
M:	  1.2002200e+02
Ts:	  339.33000
vs:	  210.085769

63.026
5
 0.11290996e+01  1  0.250  
-0.28349269e+01  1  1.250  
 0.29968733e+00  1  1.500  
 0.87282204e-01  3  0.250  
 0.26347747e-03  7  0.875  
7  
 0.61056963e+00  1  2.375 1
 0.90073581e+00  2  2.000 1
-0.68788457e-02  5  2.125 1
-0.44211186e+00  1  3.500 2
-0.35041493e-01  1  6.500 2
-0.12698630e+00  4  4.750 2
-0.25185874e-01  2 12.500 3
0

9
288.4305 112.932    688.023
271.4640 105.99     891.48
254.4975 100.345   1171.26
237.5310  95.5502  1579.61
220.5645  91.3567  2212.37
203.5980  87.6063  3254.85
186.6315  84.1871  5085.15
169.6650  81.0136  8524.86
135.7320  75.1405 30960.0
