name:	  R142b
id:	  2
text:	  short EOS; fixed: Lemmon & Span
pc:	  4.054783
Tc:	  410.260233
vc:	  225.323258
M:	  1.00495030e+02
Ts:	  410.26
vs:	  225.32672

67.598
5
 1.00380000e+00  1  0.250  
-2.76620000e+00  1  1.250  
 4.29210000e-01  1  1.500  
 8.13630000e-02  3  0.250  
 2.41740000e-04  7  0.875  
7
 4.82460000e-01  1  2.375 1
 7.55420000e-01  2  2.000 1
-7.43000000e-03  5  2.125 1
-4.14600000e-01  1  3.500 2
-1.65580000e-02  1  6.500 2
-1.06440000e-01  4  4.750 2
-2.17040000e-02  2 12.500 3
0

9
348.721 122.129    713.526
328.208 114.749    913.584
307.695 108.709   1185.94
287.182 103.549   1580.33
266.669  99.0128  2187.71
246.156  94.937   3183.64
225.643  91.2084  4925.7
205.130  87.7424  8189.2
164.104  81.3233 29372.6
