name:	  R227ea
id:	  2
text:	  short EOS; fixed: Lemmon & Span
pc:	  2.999145
Tc:	  375.950363
vc:	  293.247677
M:	  1.70028860e+02
Ts:	  375.95
vs:	  293.25513

87.977
5
 1.22170000e+00  1  0.250  
-3.17160000e+00  1  1.250  
 5.97360000e-01  1  1.500  
 8.75910000e-02  3  0.250  
 2.49010000e-04  7  0.875  
7                 
 6.13710000e-01  1  2.375 1
 8.43830000e-01  2  2.000 1
-1.83770000e-02  5  2.125 1
-4.56500000e-01  1  3.500 2
-3.50790000e-02  1  6.500 2
-1.38290000e-01  4  4.750 2
-1.87910000e-02  2 12.500 3
0

8
300.7600 144.942  1193.48
281.9625 137.261  1558.32
263.1650 130.813  2083.8
244.3675 125.219  2889
225.5700 120.239  4203.82
206.7725 115.708  6497.01
187.9750 111.504 10785.9
150.3800 103.705 38610.3
