name:	  sulfur_hexafluoride
id:	  2
text:	  short EOS; fixed: Span & Wagner
pc:	  3.754340
Tc:	  318.723851
vc:	  203.167019
M:	  1.4605400e+02
Ts:	  318.72320
vs:	  196.798491

59.039
6
 0.12279403e+01  1  0.250  
-0.33035623e+01  1  1.125  
 0.12094019e+01  1  1.500  
-0.12316000e+00  2  1.375  
 0.11044657e+00  3  0.250  
 0.32952153e-03  7  0.875  
6      	            
 0.27017629e+00  2  0.625 1
-0.62910351e-01  5  1.750 1
-0.31828890e+00  1  3.625 2
-0.99557419e-01  4  3.625 2
-0.36909694e-01  3 14.500 3
 0.19136427e-01  4 12.000 3
0

8
270.91472 107.289    617.368
254.97856 101.007    784.954
239.04240  96.0191  1005.83
223.10624  91.8611  1311.34
207.17008  88.269   1753.6
191.23392  85.0781  2423.26
159.36160  79.4894  5257.49
127.48928  74.5079 14314.5
