name:	  toluene
id:	  2
text:	  short EOS; fixed: Lemmon & Span
pc:	  4.126347
Tc:	  591.749079
vc:	  315.557380
M:	  9.21384200e+01
Ts:	  591.75
vs:	  315.55696

94.667
6
 9.64640000e-01  1  0.250  
-2.78550000e+00  1  1.125  
 8.67120000e-01  1  1.500  
-1.88600000e-01  2  1.375  
 1.18040000e-01  3  0.250  
 2.51810000e-04  7  0.875  
6       	            
 5.71960000e-01  2  0.625 1
-2.92870000e-02  5  1.750 1
-4.33510000e-01  1  3.625 2
-1.25400000e-01  4  3.625 2
-2.82070000e-02  3 14.500 3
 1.40760000e-02  4 12.000 3
0

8
502.9875 168.519  1043.41
473.4000 158.474  1331.98
443.8125 150.552  1702.75
414.2250 143.975  2203.8
384.6375 138.31   2914.81
355.0500 133.292  3974.33
295.8750 124.552  8377.1
236.7000 116.84  22226.8
