name:	  xenon
id:	  2
text:	  short EOS; fixed: Lemmon & Span
pc:	  5.841914
Tc:	  289.732568
vc:	  119.044997
M:	  1.31293000e+02
Ts:	  289.733
vs:	  119.04762

35.714
6
 8.31150000e-01  1  0.250  
-2.35530000e+00  1  1.125  
 5.39040000e-01  1  1.500  
 1.43820000e-02  2  1.375  
 6.63090000e-02  3  0.250  
 1.96490000e-04  7  0.875  
6      	            
 1.49960000e-01  2  0.625 1
-3.53190000e-02  5  1.750 1
-1.59290000e-01  1  3.625 2
-2.75210000e-02  4  3.625 2
-2.33050000e-02  3 14.500 3
 8.69410000e-03  4 12.000 3
0

9
246.27305 66.6445  327.294
231.78640 62.7132  409.157
217.29975 59.5486  517.467
202.81310 56.8841  668.025
188.32645 54.5685  887.083
173.83980 52.5047 1220.31
159.35315 50.6265 1751.03
144.86650 48.8852 2639.62
115.89320 45.6698 7206.74
