40
  0 CH3
  1 CH2 aliphatic
  2 CH aliphatic
  3 C aliphatic
  4 CH4
  5 C2H6
  6 CH aromatic
  7 C aromatic
  8 C fused aromatic
  9 CH2 cyclic
 10 CH or C cyclic
 11 CO2
 12 N2
 13 H2S
 14 SH
 15 H2O
 16 C2H4
 17 CH2 or CH alkenic
 18 C alkenic
 19 CH cycloalkenic
 20 H2
 21 C2F6
 22 CF3
 23 CF2
 24 CF2 or CF alkenic
 25 C2H4F2
 26 C2H2F4
 27 CO
 28 He
 29 Ar
 30 SO2
 31 O2
 32 NO
 33 COS
 34 NH3
 35 NO2 or N2O4
 36 N2O
 37 C2H2
 38 C2H
 39 C2
 0  1    65.54   105.7
 0  2   214.9    294.9
 0  3   431.6    575.0
 0  4    28.48    20.25
 0  5     3.775    8.922
 0  6    98.83   136.2
 0  7   103.60   103.60
 0  8   624.9    774.10
 0  9    43.58    60.05
 0 10   293.4    170.9
 0 11   144.8    401.5
 0 12    38.09    88.19
 0 13   159.6    227.8
 0 14   789.6   1829.0
 0 15  3557.0  11195.0
 0 16     7.892   35.00
 0 17    48.73    44.27
 0 18   102.6    260.1
 0 19    47.01   169.5
 0 20   174.0    239.5
 0 21   119.1    118.4
 0 22   123.2    133.8
 0 23    58.33    65.20
 0 24   -12.29    16.54
 0 25   128.3    292.4
 0 26   158.5    356.5
 0 27    91.24    94.24
 0 28   416.3    513.4
 0 29    11.27    55.48
 0 30   322.2    201.4
 0 31    86.1     87.5
 0 32     0.0      0.0
 0 33     0.0      0.0
 0 34     0.0      0.0
 0 35     0.0      0.0
 0 36     0.0      0.0
 0 37    -6.86    41.52
 0 38   306.1   1167.0
 0 39    72.06  1219.5
 1  2    39.05    41.59
 1  3   134.53   183.9
 1  4    37.75    74.81
 1  5    29.85    65.88
 1  6    25.05    64.51
 1  7     5.147   -7.549
 1  8   -17.84    -4.118
 1  9     8.579   27.79
 1 10    63.48   -74.46
 1 11   141.4    237.1
 1 12    83.73   188.7
 1 13   136.6    124.6
 1 14   439.9    504.8
 1 15  4324.0  12126.0
 1 16    59.71    82.35
 1 17     9.608   50.79
 1 18    64.85    51.82
 1 19    34.31    51.13
 1 20   155.4    240.9
 1 21   105.0    130.4
 1 22   195.6    199.0
 1 23    58.33    68.63
 1 24     0.0      0.0
 1 25   107.1    119.8
 1 26    86.47   -40.49
 1 27    44.00    45.55
 1 28   520.52   673.22
 1 29   113.6    231.6
 1 30    55.9    -28.5
 1 31   107.4    200.8
 1 32     0.0      0.0
 1 33     0.0      0.0
 1 34     0.0      0.0
 1 35     0.0      0.0
 1 36     0.0      0.0
 1 37   421.0   1193.8
 1 38   303.3    316.0
 1 39   488.0    826.6
 2  3   -86.13    85.10
 2  4   131.4    157.5
 2  5   156.1     96.77
 2  6    56.62   129.7
 2  7    48.73   -89.22
 2  8     0.0      0.0
 2  9    73.09    71.37
 2 10  -120.8     18.53
 2 11   191.8    380.9
 2 12   383.6    375.4
 2 13   192.5    562.8
 2 14   374.0    520.9
 2 15   971.4    567.6
 2 16   147.9    -55.59
 2 17    84.76   193.2
 2 18    91.62    54.90
 2 19     0.0      0.0
 2 20   326.0    287.9
 2 21     0.0      0.0
 2 22   531.5  -1945.0
 2 23  -122.8    458.8
 2 24     0.0      0.0
 2 25   143.8     15.78
 2 26   121.5    -44.61
 2 27     0.0      0.0
 2 28   728.1    750.9
 2 29   185.8    634.2
 2 30   -70.0    233.7
 2 31     0.0      0.0
 2 32     0.0      0.0
 2 33     0.0      0.0
 2 34     0.0      0.0
 2 35     0.0      0.0
 2 36     0.0      0.0
 2 37     0.0      0.0
 2 38   206.9   3975.0
 2 39     4.46  -245.4
 3  4   309.5     35.69
 3  5   388.1   -224.8
 3  6   170.5    284.1
 3  7   128.3    189.1
 3  8     0.0      0.0
 3  9   208.6    294.4
 3 10    25.05    81.33
 3 11   377.5    162.7
 3 12   341.8     635.2
 3 13   330.8   -297.2
 3 14   685.9   1547.0
 3 15     0.0      0.0
 3 16   366.8   -219.3
 3 17   181.2    419.0
 3 18     0.0      0.0
 3 19     0.0      0.0
 3 20   548.3   2343.0
 3 21     0.0      0.0
 3 22   413.1    975.2
 3 23   479.0   1430.0
 3 24     0.0      0.0
 3 25     0.0      0.0
 3 26     0.0      0.0
 3 27     0.0      0.0
 3 28     0.0      0.0
 3 29   899.0   4655.0
 3 30     0.0      0.0
 3 31     0.0      0.0
 3 32     0.0      0.0
 3 33     0.0      0.0
 3 34     0.0      0.0
 3 35     0.0      0.0
 3 36     0.0      0.0
 3 37     0.0      0.0
 3 38     0.0      0.0
 3 39     0.0      0.0
 4  5     9.951   13.73
 4  6    67.26   167.5
 4  7   106.7    190.8
 4  8   249.1    408.3
 4  9    33.97     5.490
 4 10   188.05   473.9
 4 11   136.6    214.8
 4 12    30.88    37.06
 4 13   190.1    307.5
 4 14   701.7   1318.0
 4 15  2277.1   4719.6
 4 16    19.22    33.29
 4 17    48.73    68.29
 4 18     0.0      0.0
 4 19     0.0      0.0
 4 20   156.1     92.99
 4 21     0.0      0.0
 4 22     0.0      0.0
 4 23     0.0      0.0
 4 24     0.0      0.0
 4 25     0.0      0.0
 4 26     0.0      0.0
 4 27    14.43    20.92
 4 28   394.5    378.1
 4 29    15.97    24.48
 4 30   205.9    323.6
 4 31     0.0      0.0
 4 32     0.0      0.0
 4 33    44.61   -95.05
 4 34   436.1    958.8
 4 35     0.0      0.0
 4 36    74.81   107.1
 4 37     0.0      0.0
 4 38     0.0      0.0
 4 39     0.0      0.0
 5  6    41.18    50.79
 5  7    67.94   210.7
 5  8     0.0      0.0
 5  9    12.70    73.43
 5 10   118.0   -212.8
 5 11   136.2    235.7
 5 12    61.59    84.92
 5 13   157.2    217.1
 5 14     0.0      0.0
 5 15  2333.0   5147.0
 5 16     7.549   20.93
 5 17    26.77    -5.147
 5 18     0.0      0.0
 5 19     0.0      0.0
 5 20   137.6    150.0
 5 21    96.08   123.5
 5 22    87.16   143.8
 5 23    79.27    15.10
 5 24    95.55  -231.1
 5 25     0.0      0.0
 5 26    72.40  -305.4
 5 27    15.42    33.30
 5 28   581.3    517.1
 5 29    43.81    53.10
 5 30     0.0      0.0
 5 31     0.0      0.0
 5 32     0.0      0.0
 5 33     0.0      0.0
 5 34     0.0      0.0
 5 35     0.0      0.0
 5 36     0.0      0.0
 5 37   137.9    168.1
 5 38     0.0      0.0
 5 39     0.0      0.0
 6  7   -16.47    16.47
 6  8    52.50   251.2
 6  9    28.82    65.54
 6 10   129.0     36.72
 6 11    98.48   253.6
 6 12   185.3    490.7
 6 13    21.28     6.177
 6 14   277.6    449.5
 6 15  2268.0   6218.0
 6 16    25.74    78.92
 6 17     9.951   19.90
 6 18   -16.47    61.42
 6 19     3.775    1.716
 6 20   288.9    189.1
 6 21     0.0      0.0
 6 22   680.1    421.7
 6 23   -31.57    43.24
 6 24  -274.3   -411.7
 6 25     0.0      0.0
 6 26     0.0      0.0
 6 27   153.4    153.4
 6 28   753.6    590.5
 6 29   195.6    361.3
 6 30    37.1    -23.7
 6 31   233.4    404.9
 6 32     0.0      0.0
 6 33     0.0      0.0
 6 34     0.0      0.0
 6 35     0.0      0.0
 6 36     0.0      0.0
 6 37    29.17   123.5
 6 38    96.08   148.2
 6 39   403.9    403.9
 7  8  -328.0   -569.3
 7  9    37.40    53.53
 7 10   -99.17  -193.5
 7 11   154.4    374.4
 7 12   343.8   1712.0
 7 13     9.608  -36.72
 7 14  1002.0   -736.4
 7 15   543.5    411.8
 7 16    97.80    67.94
 7 17   -48.38    27.79
 7 18   343.1    880.2
 7 19   242.931   -7.206
 7 20   400.1   1201.0
 7 21     0.0      0.0
 7 22   733.0    866.8
 7 23    -8.922    5.174
 7 24    78.62  -108.0
 7 25     0.0      0.0
 7 26     0.0      0.0
 7 27   125.77  -231.1
 7 28   753.6    590.5
 7 29     0.0      0.0
 7 30  -196.6   -397.4
 7 31   177.1   2559.4
 7 32     0.0      0.0
 7 33     0.0      0.0
 7 34     0.0      0.0
 7 35     0.0      0.0
 7 36     0.0      0.0
 7 37     0.0      0.0
 7 38   176.0   -459.5
 7 39   518.5    518.5
 8  9   140.7    277.6
 8 10   -99.17  -193.5
 8 11   331.1    276.6
 8 12   702.4   1889.0
 8 13     9.608  -36.72
 8 14  1002.0   -736.4
 8 15  1340.0    -65.88
 8 16   209.7   3819.0
 8 17   669.8    589.5
 8 18     0.0      0.0
 8 19     0.0      0.0
 8 20   602.9   1463.0
 8 21     0.0      0.0
 8 22     0.0      0.0
 8 23     0.0      0.0
 8 24     0.0      0.0
 8 25     0.0      0.0
 8 26     0.0      0.0
 8 27   197.0   -238.8
 8 28   753.6    590.5
 8 29     0.0      0.0
 8 30     0.0      0.0
 8 31     0.0      0.0
 8 32     0.0      0.0
 8 33     0.0      0.0
 8 34     0.0      0.0
 8 35     0.0      0.0
 8 36     0.0      0.0
 8 37     0.0      0.0
 8 38     0.0      0.0
 8 39     0.0      0.0
 9 10   139.0     35.69
 9 11   144.1    354.1
 9 12   179.5    546.6
 9 13   117.4    166.4
 9 14   493.1    832.1
 9 15  4211.0  13031.0
 9 16    35.34    52.50
 9 17   -15.44    24.36
 9 18   159.6    140.7
 9 19    31.91    69.32
 9 20   236.1    192.5
 9 21     0.0      0.0
 9 22   216.2    343.1
 9 23    42.55   -68.63
 9 24     0.0      0.0
 9 25     0.0      0.0
 9 26     0.0      0.0
 9 27   113.1    143.6
 9 28     0.0      0.0
 9 29  1269.0  18666.0
 9 30     0.0      0.0
 9 31   181.2    281.4
 9 32   -27.5     50.1
 9 33     0.0      0.0
 9 34     0.0      0.0
 9 35     0.0      0.0
 9 36     0.0      0.0
 9 37     0.0      0.0
 9 38   496.2    496.2
 9 39   845.9    845.9
10 11   216.2   -132.8
10 12   331.5    389.8
10 13    71.37  -127.7
10 14   463.2   -337.7
10 15   244.0    -60.39
10 16   297.2   -647.2
10 17   260.1    134.9
10 18     0.0      0.0
10 19   151.3      2.745
10 20   -51.82    34.31
10 21     0.0      0.0
10 22     0.0      0.0
10 23     0.0      0.0
10 24     0.0      0.0
10 25     0.0      0.0
10 26     0.0      0.0
10 27     0.0      0.0
10 28     0.0      0.0
10 29     0.0      0.0
10 30     0.0      0.0
10 31   102.3    988.0
10 32     0.0      0.0
10 33     0.0      0.0
10 34     0.0      0.0
10 35     0.0      0.0
10 36     0.0      0.0
10 37     0.0      0.0
10 38   863.7    863.7
10 39     0.0      0.0
11 12   113.9    212.4
11 13   135.2    199.0
11 14     0.0      0.0
11 15   559.3    277.9
11 16    73.09   106.7
11 17    60.74   183.9
11 18    74.81  -266.6
11 19    87.85    66.91
11 20   261.1    300.9
11 21   126.6    241.2
11 22   156.5   -116.0
11 23   125.2    340.1
11 24    36.25    63.49
11 25    48.73   751.1
11 26    29.51    89.90
11 27    87.85   190.8
11 28   685.9    559.3
11 29   177.8     86.82
11 30    54.90    59.02
11 31   154.4    109.8
11 32     5.1     48.4
11 33    83.04   165.7
11 34     0.0      0.0
11 35   124.9    241.6
11 36     3.77    14.07
11 37     0.0      0.0
11 38    60.05   -80.98
11 39     0.0      0.0
12 13   319.5    550.1
12 14     0.0      0.0
12 15  2574.0   5490.0
12 16    45.30    92.65
12 17    59.71   227.2
12 18   541.5     94.71
12 19     0.0      0.0
12 20    65.20    70.10
12 21     0.0      0.0
12 22     0.0      0.0
12 23     0.0      0.0
12 24     0.0      0.0
12 25     0.0      0.0
12 26     0.0      0.0
12 27    23.33  -25.40
12 28   204.7   222.8
12 29     6.488   8.774
12 30   282.4   362.7
12 31     2.40    4.80
12 32   258.7   100.5
12 33     0.0     0.0
12 34   585.8  1011.3
12 35   263.5   260.0
12 36   101.6   230.9
12 37     0.0     0.0
12 38     0.0     0.0
12 39     0.0     0.0
13 14  -157.8   153.7
13 15   603.9    599.1
13 16     0.0      0.0
13 17     0.0      0.0
13 18     0.0      0.0
13 19     0.0      0.0
13 20   145.8    823.5
13 21     0.0      0.0
13 22     0.0      0.0
13 23     0.0      0.0
13 24     0.0      0.0
13 25     0.0      0.0
13 26     0.0      0.0
13 27   278.6    404.2
13 28     0.0      0.0
13 29     0.0      0.0
13 30     0.0      0.0
13 31     0.0      0.0
13 32     0.0      0.0
13 33   101.9     98.14
13 34     0.0      0.0
13 35     0.0      0.0
13 36     0.0      0.0
13 37     0.0      0.0
13 38     0.0      0.0
13 39     0.0      0.0
14 15    30.88  -113.6
14 16     0.0      0.0
14 17     0.0      0.0
14 18     0.0      0.0
14 19     0.0      0.0
14 20     0.0      0.0
14 21     0.0      0.0
14 22     0.0      0.0
14 23     0.0      0.0
14 24     0.0      0.0
14 25     0.0      0.0
14 26     0.0      0.0
14 27     0.0      0.0
14 28     0.0      0.0
14 29     0.0      0.0
14 30     0.0      0.0
14 31     0.0      0.0
14 32     0.0      0.0
14 33     0.0      0.0
14 34     0.0      0.0
14 35     0.0      0.0
14 36     0.0      0.0
14 37     0.0      0.0
14 38     0.0      0.0
14 39     0.0      0.0
15 16  1650.0   1661.0
15 17  2243.0   5199.0
15 18     0.0      0.0
15 19     0.0      0.0
15 20   830.8   -137.9
15 21     0.0      0.0
15 22     0.0      0.0
15 23     0.0      0.0
15 24     0.0      0.0
15 25     0.0      0.0
15 26     0.0      0.0
15 27   715.1    -89.90
15 28     0.0      0.0
15 29  1197.0   1211.0
15 30   374.4    148.6
15 31  1376.0   1609.0
15 32     0.0      0.0
15 33     0.0      0.0
15 34  -550.1  -1404.2
15 35     0.0      0.0
15 36   568.9   -144.8
15 37   436.8   -200.0
15 38 -2395.5 -11671.0
15 39     0.0      0.0
16 17    14.76    11.32
16 18  -518.2   6815.0
16 19   -98.83  1809.0
16 20   151.3    165.1
16 21     0.0      0.0
16 22   453.0   -611.5
16 23     0.0      0.0
16 24  -132.7    548.3
16 25     0.0      0.0
16 26     0.0      0.0
16 27    84.55    -7.515
16 28   569.6    536.7
16 29     0.0      0.0
16 30     0.0      0.0
16 31     0.0      0.0
16 32     0.0      0.0
16 33     0.0      0.0
16 34     0.0      0.0
16 35     0.0      0.0
16 36     0.0      0.0
16 37     0.0      0.0
16 38     0.0      0.0
16 39     0.0      0.0
17 18    24.71   121.8
17 19    14.07   -12.35
17 20   175.7    373.0
17 21   124.9    219.6
17 22   155.4    154.4
17 23   155.4    154.4
17 24    88.21    12.87
17 25    76.86  -145.5
17 26    64.51   -41.86
17 27     0.0      0.0
17 28   644.3    687.7
17 29   203.0    -11.78
17 30    26.8     26.8
17 31     0.0      0.0
17 32     0.0      0.0
17 33     0.0      0.0
17 34     0.0      0.0
17 35     0.0      0.0
17 36     0.0      0.0
17 37   165.4     39.80
17 38   134.5    568.9
17 39   255.6    676.7
18 19    23.68    87.50
18 20   621.4    873.6
18 21     0.0      0.0
18 22     0.0      0.0
18 23     0.0      0.0
18 24     0.0      0.0
18 25     0.0      0.0
18 26     0.0      0.0
18 27     0.0      0.0
18 28     0.0      0.0
18 29     0.0      0.0
18 30  -141.7   -151.3
18 31     0.0      0.0
18 32     0.0      0.0
18 33     0.0      0.0
18 34     0.0      0.0
18 35     0.0      0.0
18 36     0.0      0.0
18 37     0.0      0.0
18 38   212.8  -2182.8
18 39  -874.3   1040.1
19 20   460.8   2167.0
19 21     0.0      0.0
19 22  1232.0   -495.5
19 23     0.0      0.0
19 24     0.0      0.0
19 25     0.0      0.0
19 26     0.0      0.0
19 27     0.0      0.0
19 28     0.0      0.0
19 29     0.0      0.0
19 30     0.0      0.0
19 31     0.0      0.0
19 32     0.0      0.0
19 33     0.0      0.0
19 34     0.0      0.0
19 35     0.0      0.0
19 36     0.0      0.0
19 37     0.0      0.0
19 38     0.0      0.0
19 39     0.0      0.0
20 21     0.0      0.0
20 22     0.0      0.0
20 23     0.0      0.0
20 24     0.0      0.0
20 25     0.0      0.0
20 26     0.0      0.0
20 27    75.84    74.81
20 28   138.7     95.49
20 29   128.2    102.9
20 30     0.0      0.0
20 31     0.0      0.0
20 32     0.0      0.0
20 33     0.0      0.0
20 34   701.7    931.3
20 35     0.0      0.0
20 36     0.0      0.0
20 37     0.0      0.0
20 38     0.0      0.0
20 39     0.0      0.0
21 22   -14.47   -87.05
21 23     0.0      0.0
21 24    55.90  -193.3
21 25     0.0      0.0
21 26    60.74   217.6
21 27     0.0      0.0
21 28     0.0      0.0
21 29     0.0      0.0
21 30     0.0      0.0
21 31     0.0      0.0
21 32     0.0      0.0
21 33     0.0      0.0
21 34     0.0      0.0
21 35     0.0      0.0
21 36     0.0      0.0
21 37     0.0      0.0
21 38     0.0      0.0
21 39     0.0      0.0
22 23     0.00001  0.00001
22 24    17.5    -92.99
22 25   113.2    247.1
22 26    28.14     8.235
22 27     0.0      0.0
22 28     0.0      0.0
22 29     0.0      0.0
22 30     0.0      0.0
22 31     0.0      0.0
22 32     0.0      0.0
22 33     0.0      0.0
22 34     0.0      0.0
22 35     0.0      0.0
22 36     0.0      0.0
22 37     0.0      0.0
22 38     0.0      0.0
22 39     0.0      0.0
23 24     0.0      0.0
23 25   120.1    264.2
23 26   229.9    259.1
23 27     0.0      0.0
23 28     0.0      0.0
23 29     0.0      0.0
23 30     0.0      0.0
23 31     0.0      0.0
23 32     0.0      0.0
23 33     0.0      0.0
23 34     0.0      0.0
23 35     0.0      0.0
23 36     0.0      0.0
23 37     0.0      0.0
23 38     0.0      0.0
23 39     0.0      0.0
24 25     0.0      0.0
24 26     0.0      0.0
24 27     0.0      0.0
24 28     0.0      0.0
24 29     0.0      0.0
24 30     0.0      0.0
24 31     0.0      0.0
24 32     0.0      0.0
24 33     0.0      0.0
24 34     0.0      0.0
24 35     0.0      0.0
24 36     0.0      0.0
24 37     0.0      0.0
24 38     0.0      0.0
24 39     0.0      0.0
25 26    -4.118    4.118
25 27     0.0      0.0
25 28     0.0      0.0
25 29     0.0      0.0
25 30     0.0      0.0
25 31     0.0      0.0
25 32     0.0      0.0
25 33     0.0      0.0
25 34     0.0      0.0
25 35     0.0      0.0
25 36     0.0      0.0
25 37   -58.68   303.7
25 38     0.0      0.0
25 39     0.0      0.0
26 27     0.0      0.0
26 28     0.0      0.0
26 29     0.0      0.0
26 30     0.0      0.0
26 31     0.0      0.0
26 32     0.0      0.0
26 33     0.0      0.0
26 34     0.0      0.0
26 35     0.0      0.0
26 36     0.0      0.0
26 37     0.0      0.0
26 38     0.0      0.0
26 39     0.0      0.0
27 28   260.1    259.9
27 29     4.042    8.180
27 30     0.0      0.0
27 31     0.0      0.0
27 32   309.2     28.82
27 33     0.0      0.0
27 34     0.0      0.0
27 35     0.0      0.0
27 36     0.0      0.0
27 37     0.0      0.0
27 38     0.0      0.0
27 39     0.0      0.0
28 29   243.1    305.6
28 30     0.0      0.0
28 31     0.0      0.0
28 32     0.0      0.0
28 33     0.0      0.0
28 34     0.0      0.0
28 35     0.0      0.0
28 36     0.0      0.0
28 37     0.0      0.0
28 38     0.0      0.0
28 39     0.0      0.0
29 30   299.9    354.1
29 31     4.80     7.89
29 32   110.8    155.5
29 33     0.0      0.0
29 34   630.0   1794.0
29 35   278.6    274.5
29 36     0.0      0.0
29 37     0.0      0.0
29 38     0.0      0.0
29 39     0.0      0.0
30 31   340.0    665.7
30 32   172.3   1343.0
30 33     0.0      0.0
30 34     0.0      0.0
30 35     0.0      0.0
30 36     0.0      0.0
30 37     0.0      0.0
30 38     0.0      0.0
30 39     0.0      0.0
31 32     0.0      0.0
31 33     0.0      0.0
31 34     0.0      0.0
31 35   271.1    362.4
31 36   120.1    105.7
31 37     0.0      0.0
31 36     0.0      0.0
31 39     0.0      0.0
32 33     0.0      0.0
32 34     0.0      0.0
32 35     0.0      0.0
32 36     0.0      0.0
32 37     0.0      0.0
32 38     0.0      0.0
32 39     0.0      0.0
33 34     0.0      0.0
33 35     0.0      0.0
33 36     0.0      0.0
33 37     0.0      0.0
33 38     0.0      0.0
33 39     0.0      0.0
34 35     0.0      0.0
34 36     0.0      0.0
34 37     0.0      0.0
34 38     0.0      0.0
34 39     0.0      0.0
35 36     0.0      0.0
35 37     0.0      0.0
35 38     0.0      0.0
35 39     0.0      0.0
36 37     0.0      0.0
36 38     0.0      0.0
36 39     0.0      0.0
37 38   122.5    247.8
37 39     0.0      0.0
38 39  -497.6   -824.2

NOTE: Entry "0.0   0.0" means "undefined".
