30
  50.00    33.2593
 100.00    33.2595
 150.00    33.2926
 200.00    33.6626
 250.00    34.8880
 300.00    37.1305
 350.00    40.1352
 400.00    43.5187
 450.00    46.9619
 500.00    50.2598
 550.00    53.3044
 600.00    56.0535
 650.00    58.5031
 700.00    60.6697
 750.00    62.5793
 800.00    64.2601
 850.00    65.7403
 900.00    67.0457
 950.00    68.1994
1000.00    69.2217
1050.00    70.1301
1100.00    70.9396
1150.00    71.6632
1200.00    72.3119
1250.00    72.8953
1300.00    73.4214
1350.00    73.8971
1400.00    74.3285
1450.00    74.7208
1500.00    75.0783
