name:	  carbon_monoxide
id:	  5
text:	  fixed: GERG-2008 project
pc:	  3.498190
Tc:	  132.859895
vc:	  92.164512
M:	  28.010100
Ts:	  132.86
vs:	  92.16590

27.650
6
 0.90554000000000e+00  1  0.250  
-0.24515000000000e+01  1  1.125  
 0.53149000000000e+00  1  1.500  
 0.24173000000000e-01  2  1.375  
 0.72156000000000e-01  3  0.250  
 0.18818000000000e-03  7  0.875  
6	                   
 0.19405000000000e+00  2  0.625 1
-0.43268000000000e-01  5  1.750 1
-0.12778000000000e+00  1  3.625 2
-0.27896000000000e-01  4  3.625 2
-0.34154000000000e-01  3 14.500 3
 0.16329000000000e-01  4 12.000 3
0

4
110 64  130
100 56  220
 80 44  600
 60 38 2100
