name:	  hexane
id:	  4
text:	  fixed: GERG-2004 project
pc:	  3.041657
Tc:	  507.794456
vc:	  386.740898
M:	  86.175360
Ts:	  507.82000
vs:	  369.5658290

110.872
6
 0.10553238013661e+01  1  0.250  
-0.26120615890629e+01  1  1.125  
 0.76613882967260e+00  1  1.500  
-0.29770320622459e+00  2  1.375  
 0.11879907733358e+00  3  0.250  
 0.27922861062617e-03  7  0.875  
6
 0.46347589844105e+00  2  0.625 1
 0.11433196980297e-01  5  1.750 1
-0.48256968738131e+00  1  3.625 2
-0.93750558924659e-01  4  3.625 2
-0.67273247155994e-02  3 14.500 3
-0.51141583585428e-02  4 12.000 3
0

5
420 300  560
400 280  750
350 210 1300
300 190 2300
250 170 4600
