name:	  hydrogen_sulfide
id:	  5
text:	  fixed: Lemmon & Span ->GERG-2008
pc:	  8.998872
Tc:	  373.100875
vc:	  98.153859
M:	  34.08088
Ts:	  373.1
vs:	  98.135427

29.441
6
 8.76410000e-01  1  0.250  
-2.03670000e+00  1  1.125  
 2.16340000e-01  1  1.500  
-5.01990000e-02  2  1.375  
 6.69940000e-02  3  0.250  
 1.90760000e-04  7  0.875  
6
 2.02270000e-01  2  0.625 1
-4.53480000e-03  5  1.750 1
-2.22300000e-01  1  3.625 2
-3.47140000e-02  4  3.625 2
-1.48850000e-02  3 14.500 3
 7.41540000e-03  4 12.000 3
0

7
298.480 52.0934  342.327
279.825 49.3123  428.842
261.170 46.9976  546.409
242.515 45.0071  714.337
223.860 43.2507  966.212
186.550 40.2086 2022.49
149.240 37.5416 5376.06
