name:	hydrogen
id:	4
text:	fixed: GERG-2004 project
pc:	1.3150
Tc:	33.1900000
vc:	66.9344043
M:	2.0158800e+00
Ts:	33.190000
vs:	66.934404

20.0
5
 0.53579928451252e+01  1  0.500
-0.62050252530595e+01  1  0.625
 0.13830241327086e+00  2  0.375
-0.71397954896129e-01  2  0.625
 0.15474053959733e-01  4  1.125
9
-0.14976806405771e+00  1  2.625 1
-0.26368723988451e-01  5  0.000 1
 0.56681303156066e-01  5  0.250 1
-0.60063958030436e-01  5  1.375 1
-0.45043942027132e+00  1  4.000 2
 0.42478840244500e+00  1  4.250 2
-0.21997640827139e-01  2  5.000 3
-0.10499521374530e-01  5  8.000 3
-0.28955902866816e-02  1  8.000 5
0

5
25 36    170
20 33    270
15 31    490
10 28   4650
 5 26 140000
