name:	  methylpropane
id:	  4
text:	  fixed: GERG-2004 project
pc:	  3.633140
Tc:	  407.749505
vc:	  267.498991
M:	  58.122200
Ts:	  407.817000
vs:	  259.0577643

77.718
6
 0.10429331589100e+01  1  0.250  
-0.28184272548892e+01  1  1.125  
 0.86176232397850e+00  1  1.500  
-0.10613619452487e+00  2  1.375  
 0.98615749302134e-01  3  0.250  
 0.23948208682322e-03  7  0.875  
6
 0.30330004856950e+00  2  0.625 1
-0.41598156135099e-01  5  1.750 1
-0.29991937470058e+00  1  3.625 2
-0.80369342764109e-01  4  3.625 2
-0.29761373251151e-01  3 14.500 3
 0.13059630303140e-01  4 12.000 3
0

5
360 180  280
350 180  295
300 150  750
250 125 1700
200 115 4300
