name:	  nitrogen
id:	  4
text:	  fixed: GERG-2004 project
pc:	  3.3958
Tc:	  126.19200
vc:	  89.41424727
M:	  2.8013400
Ts:	  126.19200
vs:	  89.41424727

26.824
6
 0.59889711801201e+00  1  0.125  
-0.16941557480731e+01  1  1.125  
 0.24579736191718e+00  2  0.375  
-0.23722456755175e+00  2  1.125  
 0.17954918715141e-01  4  0.625  
 0.14592875720215e-01  4  1.500  
18
 0.10008065936206e+00  1  0.625 1
 0.73157115385532e+00  1  2.625 1
-0.88372272336366e+00  1  2.750 1
 0.31887660246708e+00  2  2.125 1
 0.20766491728799e+00  3  2.000 1
-0.19379315454158e-01  6  1.750 1
-0.16936641554983e+00  2  4.500 2
 0.13546846041701e+00  3  4.750 2
-0.33066712095307e-01  3  5.000 2
-0.60690817018557e-01  4  4.000 2
 0.12797548292871e-01  4  4.500 2
 0.58743664107299e-02  2  7.500 3
-0.18451951971969e-01  3 14.000 3
 0.47226622042472e-02  4 11.500 3
-0.52024079680599e-02  5 26.000 6
 0.43563505956635e-01  6 28.000 6
-0.36251690750939e-01  6 30.000 6
-0.28974026866543e-02  7 16.000 6
0

4
120 58   95
100 58  230
 80 46  700
 60 40 3000
