name:	  nonane
id:	  5
text:	  fixed: GERG-2008 project
pc:	  2.281908
Tc:	  594.547813
vc:	  552.445010
M:	  128.2551
Ts:	  594.55
vs:	  552.4862

165.746
6
 0.11151000000000e+01  1  0.250  
-0.27020000000000e+01  1  1.125  
 0.83416000000000e+00  1  1.500  
-0.38828000000000e+00  2  1.375  
 0.13760000000000e+00  3  0.250  
 0.28185000000000e-03  7  0.875  
6
 0.62037000000000e+00  2  0.625 1
 0.15847000000000e-01  5  1.750 1
-0.61726000000000e+00  1  3.625 2
-0.15043000000000e+00  4  3.625 2
-0.12982000000000e-01  3 14.500 3
 0.44325000000000e-02  4 12.000 3
0

4
450 390.0 1000.0
400 340.0 1700.0
350 270.0 2800.0
280 230.0 6700.0
