name:	  octane
id:	  4
text:	  fixed: GERG-2004 project
pc:	  2.506690
Tc:	  569.570383
vc:	  501.824375
M:	  114.228520
Ts:	  569.320000
vs:	  486.2857387

140.0
6
 0.10722544875633e+01  1  0.250  
-0.24632951172003e+01  1  1.125  
 0.65386674054928e+00  1  1.500  
-0.36324974085628e+00  2  1.375  
 0.12713269626764e+00  3  0.250  
 0.30713572777930e-03  7  0.875  
6
 0.52656856987540e+00  2  0.625 1
 0.19362862857653e-01  5  1.750 1
-0.58939426849155e+00  1  3.625 2
-0.14069963991934e+00  4  3.625 2
-0.78966330500036e-02  3 14.500 3
 0.33036597968109e-02  4 12.000 3
0

4
450 390.0 1000.0
400 340.0 1700.0
350 270.0 2800.0
280 230.0 6700.0
