name:	  pentane
id:	  4
text:	  fixed: GERG-2004 project
pc:	  3.368841
Tc:	  469.658954
vc:	  306.756987
M:	  72.148780
Ts:	  469.70000
vs:	  310.9861207

93.297
6
 0.10968643098001e+01  1  0.250  
-0.29988888298061e+01  1  1.125  
 0.99516886799212e+00  1  1.500  
-0.16170708558539e+00  2  1.375  
 0.11334460072775e+00  3  0.250  
 0.26760595150748e-03  7  0.875  
6
 0.40979881986931e+00  2  0.625 1
-0.40876423083075e-01  5  1.750 1
-0.38169482469447e+00  1  3.625 2
-0.10931956843993e+00  4  3.625 2
-0.32073223327990e-01  3 14.500 3
 0.16877016216975e-01  4 12.000 3
0

5
420 230  310
400 220  420
350 180  900
300 160 1750
230 130 5450
