name:	  propane
id:	  4
text:	  fixed: GERG-2004 project
pc:	  4.255499
Tc:	  369.938797
vc:	  206.706131
M:	  44.095620
Ts:	  369.82500
vs:	  199.9982765

60.000
6
 0.10403973107358e+01  1  0.250  
-0.28318404081403e+01  1  1.125  
 0.84393809606924e+00  1  1.500  
-0.76559591850023e-01  2  1.375  
 0.94697373057280e-01  3  0.250  
 0.24796475497006e-03  7  0.875  
6
 0.27743760422870e+00  2  0.625 1
-0.43846000648377e-01  5  1.750 1
-0.26991064784350e+00  1  3.625 2
-0.69313413089860e-01  4  3.625 2
-0.29632145981653e-01  3 14.500 3
 0.14040126751380e-01  4 12.000 3
0

5
320 140  240
300 135  360
260 110  700
220  95 1400
180  85 3400
