name:	argon
id:	3
text:	LJ 119.8 K, 0.3405 nm; fixed: Thol et al.
pc:	 5.4492090e+00
Tc:	 1.5813600e+02
vc:	 7.7205863e+01
M:	 3.99480000e+01
Ts:	158.136
vs:	76.69027

18.0
6
 0.52080730e-02 4 1.000
 0.21862520e+01 1 0.320
-0.21610160e+01 1 0.505
 0.14527000e+01 2 0.672
-0.20417920e+01 2 0.843
 0.18695286e+00 3 0.898
6
-0.90988445e-01 5 1.294 1
-0.49745610e+00 2 2.590 2
 0.10901431e+00 2 1.786 1
-0.80055922e+00 3 2.770 2
-0.56883900e+00 1 1.786 2
-0.62086250e+00 1 1.205 1
11
-0.14667177e+01 1 2.830    2.067   0.625 0.2053 0.710
 0.18914690e+01 1 2.548    1.522   0.638 0.4090 0.860
-0.13837010e+00 2 4.650    8.820   3.910 0.6000 1.940
-0.38696450e+00 3 1.385    1.722   0.156 1.2030 1.480
 0.12657020e+00 3 1.460    0.679   0.157 1.8290 1.490
 0.60578100e+00 2 1.351    1.883   0.153 1.3970 1.945
 0.11791890e+01 1 0.660    3.925   1.160 1.3900 3.020
-0.47732679e+00 2 1.496    2.461   1.730 0.5390 1.110
-0.99218575e+01 3 1.830   28.200 383.000 0.9340 1.170
-0.57479320e+00 1 1.616    0.753   0.112 2.3690 1.330
 0.37729230e-02 1 4.970    0.820   0.119 2.4300 0.240
5
115 60 135
110 45 160
100 40 220
 80 38 350
 70 37 440
