6
  0 1.1240	CH4
  1 1.2958	CH3
  2 0.9471	CH2 aliphatic
  3 0.2629	CH aliphatic
  4 0.0000	C aliphatic
  5 0.9820	CO2

  0  1 -23.372 -0.0844  0.0000
  0  2 -23.372 -0.0844  0.0000
  0  3 -23.372 -0.0844  0.0000
  0  4 -23.372 -0.0844  0.0000
  0  5  412.92 -1.1570  9.1600e-6
  1  0  66.255  0.0135  0.0000
  1  2  0.0000  0.0000  0.0000
  1  3  0.0000  0.0000  0.0000
  1  4  0.0000  0.0000  0.0000
  1  5  403.11 -0.1999  -6.6800e-5
  2  0  66.255  0.0135  0.0000
  2  1  0.0000  0.0000  0.0000  
  2  3  0.0000  0.0000  0.0000
  2  4  0.0000  0.0000  0.0000
  2  5  403.11 -0.1999  -6.6800e-5
  3  0  66.255  0.0135  0.0000
  3  1  0.0000  0.0000  0.0000
  3  2  0.0000  0.0000  0.0000
  3  4  0.0000  0.0000  0.0000
  3  5  403.11 -0.1999  -6.6800e-5
  4  0  66.255  0.0135  0.0000
  4  1  0.0000  0.0000  0.0000
  4  2  0.0000  0.0000  0.0000
  4  3  0.0000  0.0000  0.0000
  4  5  403.11 -0.1999 -6.6800e-5
  5  0  105.95  0.1432  1.3320e-5
  5  1  204.83 -1.3096  1.1967e-3
  5  2  204.83 -1.3096  1.1967e-3
  5  3  204.83 -1.3096  1.1967e-3
  5  4  204.83 -1.3096  1.1967e-3
