name1:	nitrogen
id1:	4
name2:	carbon_dioxide
id2:	4
id:	1
text:	fixed: GERG-2004
betaV:	0.977794634
gammaV:	1.047578256
betaT:	1.005894529
gammaT:	1.107654104
F:	1.0

6
2  1.850  2.8661625028399e-01  0.000  0.000  0.000  0.000
3  1.400 -1.0919833861247e-01  0.000  0.000  0.000  0.000

1  3.200 -1.1374032082270e+00  0.250  0.500  0.750  0.500
1  2.500  7.6580544237358e-01  0.250  0.500  1.000  0.500
1  8.000  4.2638000926819e-03  0.000  0.500  2.000  0.500
2  3.750  1.7673538204534e-01  0.000  0.500  3.000  0.500
