name1:	nitrogen
id1:	4
name2:	ethane
id2:	4
id:	1
text:	fixed: GERG-2004
betaV:	0.978880168
gammaV:	1.042352891
betaT:	1.007671428
gammaT:	1.098650964
F:	1.0

6
2  0.000 -4.7376518126608e-01  0.000  0.000  0.000  0.000
2  0.050  4.8961193461001e-01  0.000  0.000  0.000  0.000
3  0.000 -5.7011062090535e-03  0.000  0.000  0.000  0.000

1  3.650 -1.9966820041320e-01  1.000  0.500  1.000  0.500
2  4.900 -6.9411103101723e-01  1.000  0.500  1.000  0.500
2  4.450  6.9226192739021e-01  0.875  0.500  1.250  0.500
