'Modified UNIFAC (Dortmund) group interaction parameters
'Literature:
'1: Weidlich,Gmehling, Ind.Eng.Chem.Res., 26,1372(1987)
'2: Gmehling, Li, Schiller, Ind.Eng.Chem.Res., 32,178(1993)
'3: Gmehling, Lohmann, Jakob, Li, Joh, Ind.Eng.Chem.Res., 37,4876-4882(1998)
'4: Gmehling, Wittig, Lohmann, Joh, Ind.Eng.Chem.Res., 41,1678-1688(2002)
'5: Wittig, Lohmann, Joh, Horstmann, Gmehling, Ind.Eng.Chem.Res., 40,5831-5838(2001)
'6: Lohmann, Joh, Gmehling, Ind.Eng.Chem.Res., 40,957-964(2001)
'7: Lohmann, Gmehling, J.Chem.Eng.Jpn., 34,43-54(2001)
'8: Wittig, Lohmann Gmehling, AIChE Journal 49, 2 530-537 (2003)
'9: Jakob, Grensemann, Lohmann, Gmehling in press
'i j wecha ij wechb ij wechc ij wecha ji wechb ji wechc ji
1 2 189.66 -0.2723 0.000E+00 -95.418 0.0617 0.000E+00 2
1 3 114.2 0.0933 0.000E+00 16.07 -0.2998 0.000E+00 2
1 4 7.339 -0.4538 0.000E+00 47.2 0.3575 0.000E+00 2
1 5 2777 -4.674 1.551E-03 1606 -4.746 9.181E-04 2
1 6 2409.4 -3.0099 0.000E+00 82.593 -0.4857 0.000E+00 2
1 7 1391.3 -3.6156 1.144E-03 -17.253 0.8389 9.021E-04 2
1 8 1381 -0.9977 0.000E+00 1987 -4.615 0.000E+00 2 x
1 9 433.6 0.1473 0.000E+00 199 -0.8709 0.000E+00 2 x
1 10 875.85 0 0.000E+00 256.21 0 0.000E+00 2
1 11 98.656 1.9294 -3.133E-03 632.22 -3.3912 3.928E-03 2
1 12 508.4 -0.6215 0.000E+00 238.5 -0.5358 0.000E+00 2
1 13 233.1 -0.3155 0.000E+00 -9.654 -0.0324 0.000E+00 2
1 14 -164.04 4.9683 -1.025E-02 326.04 -2.6348 3.358E-03 2
1 15 350.58 0.0667 0.000E+00 207.26 -1.0916 0.000E+00 2
1 16 -175.7 1.857 0.000E+00 205.65 -1.4436 0.000E+00 2
1 17 958.74 -0.1484 0.000E+00 2257.3 -5.6676 0.000E+00 2 x
1 18 1802.3 -17.171 3.600E-02 -436.15 3.4225 -8.700E-03 3 x
1 19 593.07 0.7335 0.000E+00 293.81 -1.3979 0.000E+00 2
1 20 1182.2 -3.2647 9.198E-03 2017.7 -9.0933 1.024E-02 2
1 21 401 -0.7277 0.000E+00 -65.685 0.0741 0.000E+00 2
1 22 -233.66 1.2561 0.000E+00 311.55 -1.1856 0.000E+00 2
1 23 -653.74 4.5311 -8.735E-03 1302.6 -8.427 1.442E-02 2
1 24 267.51 -1.7109 3.388E-03 -148.07 1.0927 -2.416E-03 2
1 25 -1385 15.89 -4.831E-02 3264 -20.84 3.317E-02 2 x
1 26 2345 -13.2 2.156E-02 -396.5 3.092 -6.266E-03 2
1 27 2383 -2.693 0.000E+00 1744 -4.082 0.000E+00 2
1 28 24.33 1.521 0.000E+00 72.12 -1.126 0.000E+00 2
1 29 465.9 -0.8557 0.000E+00 -59.9 -0.0083 0.000E+00 2
1 30 577.7 0.9384 0.000E+00 210.5 -1.081 0.000E+00 2
1 31 897.7 0 0.000E+00 28.17 0 0.000E+00 2
1 32 559.9 -0.3564 0.000E+00 166 -0.7116 0.000E+00 2
1 33 527.7 -0.499 0.000E+00 -62.08 -0.3658 0.000E+00 2
1 34 477.5 -0.6581 0.000E+00 -22.04 -0.1018 0.000E+00 2
1 35 -547.5 3.457 0.000E+00 477.1 -2.175 0.000E+00 2
1 36 1662 0 0.000E+00 -291.9 0 0.000E+00 2 x
1 37 334.5 0.0091 0.000E+00 3.202 -0.6894 0.000E+00 2
1 38 468.5 -1.042 0.000E+00 -160.3 -0.0108 0.000E+00 2
1 39 406.2 0.6525 0.000E+00 151 -0.9023 0.000E+00 2
1 40 342 -1.679 0.000E+00 -484.3 2.467 0.000E+00 2
1 41 1312 -3.643 0.000E+00 -314.6 1.287 0.000E+00 2
1 42 -117.1 0.5481 -9.800E-04 170.9 -0.8062 1.291E-03 3
1 43 79.507 0.7089 -2.098E-03 186.71 -1.3546 2.402E-03 2
1 44 1935.7 0 0.000E+00 -21.23 0 0.000E+00 2
1 45 164.25 -0.2683 0.000E+00 -44.069 0.0278 0.000E+00 2
1 46 677.32 -2.0066 0.000E+00 -249.85 1.7054 0.000E+00 3
1 47 3150.8604 -3.1003 0.000E+00 189.9108 -0.9413 0.000E+00 4
1 48 1529.5217 -6.2025 9.754E-03 82.5982 -0.615 -6.230E-04 5
1 49 -9.23E+02 7.81E+00 -8.81E-03 1.83E+02 -1.23E+00 5.83E-04 9
1 50 0 0 0 0 0 0
1 51 0 0 0 0 0 0
1 52 24.4317 0.2915 0.000E+00 -16.034 -0.5337 0.000E+00 3 x
1 53 269.6733 0 0.000E+00 -41.0041 0 0.000E+00 6
1 54 0 0 0 0 0 0
1 55 407.4698 -0.2037 -1.590E-04 -0.0668 -0.3935 4.100E-05 7
1 56 1058.31 -1.1856 0.000E+00 438.76 -1.2256 0.000E+00 8
1 57 0 0 0 0 0 0
1 59 0 0 0 0 0 0
1 60 0 0 0 0 0 0
1 61 0 0 0 0 0 0
1 62 0 0 0 0 0 0
1 63 0 0 0 0 0 0
1 64 0 0 0 0 0 0
1 65 0 0 0 0 0 0
1 67 0 0 0 0 0 0
1 68 0 0 0 0 0 0
1 69 0 0 0 0 0 0
1 70 0 0 0 0 0 0
1 71 0 0 0 0 0 0
1 72 0 0 0 0 0 0
1 74 0 0 0 0 0 0
1 75 0 0 0 0 0 0
1 76 0 0 0 0 0 0
1 77 0 0 0 0 0 0
1 78 0 0 0 0 0 0
1 79 0 0 0 0 0 0
1 80 0 0 0 0 0 0
1 81 0 0 0 0 0 0
1 82 0 0 0 0 0 0
1 83 0 0 0 0 0 0
2 3 174.1 -0.5886 0.000E+00 -157.2 0.6166 0.000E+00 2
2 4 117.3 -0.8552 0.000E+00 -113.1 1.172 0.000E+00 2
2 5 2649 -6.508 4.822E-03 1566 -5.809 5.197E-03 2
2 6 -628.07 10 -1.497E-02 -96.297 0.6304 -1.800E-03 2
2 7 778.3 0.1482 0.000E+00 -1301 4.072 0.000E+00 2
2 8 1207 -1.955 0.000E+00 191.6 0.4936 0.000E+00 2 x
2 9 179.8 0.6991 0.000E+00 91.811 -0.7171 0.000E+00 2 x
2 10 476.25 0 0.000E+00 202.49 0 0.000E+00 2
2 11 980.74 -2.4224 0.000E+00 -582.82 1.6732 0.000E+00 2
2 12 309.8 0 0.000E+00 -28.63 0 0.000E+00 2
2 13 733.3 -2.509 0.000E+00 -844.3 2.945 0.000E+00 2 x
2 14 1857 -8.653 1.088E-02 498.8 -5.148 1.039E-02 2
2 15 224.8 0 0.000E+00 -124.32 0 0.000E+00 2
2 16 165.3 0 0.000E+00 -131.5 0 0.000E+00 2
2 17 2800 -10.72 1.339E-02 3982 -19.72 2.783E-02 2 x
2 18 13.502 0 0.000E+00 -13.317 0 0.000E+00 2 x
2 19 634.85 0 0.000E+00 -181.93 0 0.000E+00 2
2 20 -2026.1 8.1549 0.000E+00 -347.5 1.216 0.000E+00 2 x
2 21 498.9 -1.487 0.000E+00 -359.6 1.238 0.000E+00 2
2 22 -44.958 0 0.000E+00 55.881 0 0.000E+00 2
2 23 -204.51 0 0.000E+00 255.41 0 0.000E+00 2
2 24 616.62 -2.1164 0.000E+00 -663.45 2.3281 0.000E+00 2
2 25 -56.69 9.805 0.000E+00 215.5 -1.519 0.000E+00 2 x
2 26 417.6 0.0873 0.000E+00 452.2 -1.997 0.000E+00 2
2 27 0 0 0 0 0 0
2 28 46.06 1.545 0.000E+00 70.88 -1.09 0.000E+00 2
2 30 470.4 0 0.000E+00 -146.1 0 0.000E+00 2
2 32 0 0 0 0 0 0
2 33 -19.82 0.5941 0.000E+00 160.4 -0.5148 0.000E+00 2
2 34 642.27 -3.8641 5.500E-03 -197.06 1.8723 -2.700E-03 3
2 35 -174.6 1.96 0.000E+00 154 -1.303 0.000E+00 2
2 36 179.7 0 0.000E+00 -113.8 0 0.000E+00 2 x
2 37 967.9 -0.0386 0.000E+00 -300.6 -0.0958 0.000E+00 2
2 38 141.1 -0.3025 0.000E+00 -139.5 0.9076 0.000E+00 2
2 39 388.4 0 0.000E+00 -152.2 0 0.000E+00 2
2 40 0 0 0 0 0 0
2 41 -339.8 1.297 0.000E+00 698.5 -2.159 0.000E+00 2
2 42 2.406 -0.1882 0.000E+00 60.2 0.1565 0.000E+00 3
2 43 -322.1 -0.2037 4.517E-03 1182.6 -5 3.745E-03 2
2 44 0 0 0 0 0 0
2 45 389.28 0 0.000E+00 -174.41 0 0.000E+00 2
2 46 491.23 -1.8285 0.000E+00 -734.87 3.3463 0.000E+00 3
2 47 673.2267 1.9523 0.000E+00 92.6993 -0.8135 0.000E+00 4
2 48 249.18 0 0.000E+00 -81.79 0 0.000E+00 4
2 49 1.17E+03 3.92E+00 0.00E+00 9.00E+01 -9.20E-01 0.00E+00 9
2 50 0 0 0 0 0 0
2 52 -86.2315 0 0.000E+00 -39.3735 0 0.000E+00 3 x
2 53 9.3895 0 0.000E+00 57.8594 0 0.000E+00 6
2 54 0 0 0 0 0 0
2 55 -456.082 2.4334 0.000E+00 298.5526 -1.4153 0.000E+00 7
2 56 775.56 0.000E+00 0.000E+00 0.000E+00 0.000E+00 8
2 57 0 0 0 0 0 0
2 59 0 0 0 0 0 0
2 65 0 0 0 0 0 0
2 67 0 0 0 0 0 0
2 68 0 0 0 0 0 0
2 69 0 0 0 0 0 0
2 70 0 0 0 0 0 0
2 71 0 0 0 0 0 0
2 72 0 0 0 0 0 0
2 73 0 0 0 0 0 0
2 74 0 0 0 0 0 0
2 75 0 0 0 0 0 0
2 76 0 0 0 0 0 0
2 82 0 0 0 0 0 0
2 83 0 0 0 0 0 0
3 4 139.2 -0.65 0.000E+00 -45.33 0.4223 0.000E+00 2
3 5 3972 -13.16 1.208E-02 3049 -12.77 1.435E-02 2 x
3 6 1604.3 -2.0299 0.000E+00 13.733 -0.1177 0.000E+00 2
3 7 792 -1.726 0.000E+00 332.3 1.158 0.000E+00 2
3 8 1356 -2.118 0.000E+00 2340 -5.043 0.000E+00 2 x
3 9 146.2 -1.237 4.237E-03 -57.53 1.212 -3.715E-03 2 x
3 10 -365.5 1.874 0.000E+00 1011 -2.167 0.000E+00 2
3 11 -274.54 0.9149 0.000E+00 622.73 -1.7605 0.000E+00 2
3 12 170.5 -0.0239 0.000E+00 108.3 -0.262 0.000E+00 2
3 13 -87.08 -0.1859 0.000E+00 179 0.0562 0.000E+00 2
3 14 2036 -8.729 8.138E-03 -121 -1.901 6.999E-03 2
3 15 139.67 0.0377 0.000E+00 105.63 -0.6067 0.000E+00 2
3 16 -71.4 0.7078 0.000E+00 16.29 -0.6022 0.000E+00 2
3 17 1044.7 -1.7112 0.000E+00 154.39 1.2458 0.000E+00 2 x
3 18 -1553.9216 0.1615 8.151E-03 1810.7758 -5.7594 2.301E-03 3 x
3 19 -17.44 0.9437 0.000E+00 111.8 -0.5959 0.000E+00 2
3 20 69.561 1.8881 0.000E+00 613.32 -1.595 0.000E+00 2
3 21 73.046 -0.2132 0.000E+00 -58.972 0.1046 0.000E+00 2
3 22 133.66 -0.4614 0.000E+00 -142.2 0.3966 0.000E+00 2
3 23 66.214 -0.6363 0.000E+00 -78.116 0.6998 0.000E+00 2
3 24 269 -1.776 2.645E-03 -305.5 2.12 -3.239E-03 2
3 25 595.2 3.309 -2.844E-02 1885 -10.98 1.661E-02 2 x
3 26 134.1 -0.8156 1.450E-03 -330 3.066 -5.376E-03 2
3 27 746.9 0 0.000E+00 36.45 0 0.000E+00 2 x
3 28 3736 -25 4.593E-02 574.6 -3.702 3.682E-03 2
3 29 59.23 0 0.000E+00 -41.77 0 0.000E+00 2 x
3 30 331.6 0.3778 0.000E+00 0.4086 -0.4601 0.000E+00 2
3 31 -148.1375 2.2658 -3.528E-03 -93.1859 1.5036 -1.414E-03 7
3 32 -82.28 0.5677 0.000E+00 298.9 -0.8374 0.000E+00 2
3 33 -248.2 1.214 0.000E+00 187.5 -0.902 0.000E+00 2
3 34 0 0 0 0 0 0
3 35 347.6 -1.43 0.000E+00 -345.6 1.545 0.000E+00 2
3 36 0 0 0 0 0 0
3 37 602.1 -7.798 1.966E-02 1887 -8.707 7.813E-03 2
3 38 808 -5.331 6.077E-03 -1367 7.883 -7.754E-03 2
3 39 -81.6858 1.1229 -1.050E-03 58.762 -0.6263 6.680E-04 4
3 40 123.2616 -0.6133 0.000E+00 419.0446 -0.1703 0.000E+00 6
3 41 -126.2 0.386 0.000E+00 670.8 -1.807 0.000E+00 2
3 42 134.6 -1.231 1.488E-03 -2.619 1.094 -1.557E-03 3
3 43 -26.852 -0.4421 0.000E+00 47.23 0.6404 0.000E+00 2
3 44 -1172 10.106 -1.428E-02 -1141.6 8.6562 -1.544E-02 2
3 45 380.02 -0.2333 0.000E+00 -201.52 -0.0688 0.000E+00 2
3 46 313.79 -1.1552 0.000E+00 -258.12 1.4084 0.000E+00 3
3 47 1083.631 0.9144 -2.141E-03 160.1332 -1.3578 1.331E-03 4
3 48 92.4984 1.4186 1.800E-05 -14.889 -0.8126 2.000E-06 5
3 49 -1.03E+02 2.66E+00 -2.82E-03 4.54E+01 -5.71E-01 2.81E-04 9
3 50 0 0 0 0 0 0
3 51 0 0 0 0 0 0
3 52 1412.0217 -3.9917 0.000E+00 -660.2538 1.4602 0.000E+00 3 x
3 53 392.5569 0 0.000E+00 -260.2204 0 0.000E+00 6
3 54 0 0 0 0 0 0
3 55 849.0762 -6.5044 1.219E-02 -358.0581 3.6831 -7.822E-03 7
3 56 -522.32 3.8856 -4.212E-03 562.72 -2.4316 2.420E-03 8
3 57 0 0 0 0 0 0
3 58 0 0 0 0 0 0
3 59 0 0 0 0 0 0
3 67 0 0 0 0 0 0
3 69 0 0 0 0 0 0
3 70 0 0 0 0 0 0
3 72 0 0 0 0 0 0
3 74 0 0 0 0 0 0
3 76 0 0 0 0 0 0
3 77 0 0 0 0 0 0
3 78 0 0 0 0 0 0
3 80 0 0 0 0 0 0
3 81 0 0 0 0 0 0
3 82 0 0 0 0 0 0
3 83 0 0 0 0 0 0
4 5 3989 -14.09 1.530E-02 2673 -5.765 -3.320E-04 2 x
4 6 436.21 1.9094 0.000E+00 145.54 -0.488 0.000E+00 2
4 7 1050.2 -1.9939 0.000E+00 24.144 1.6504 0.000E+00 2
4 8 1375 -1.702 0.000E+00 1825 -3.743 0.000E+00 2 x
4 9 1001 -1.871 2.390E-04 -146.6 0.2419 1.133E-04 2 x
4 10 683.6 -1.02 8.690E-04 1963 2.656 -1.355E-02 2
4 11 -242.5 2.72 -3.449E-03 1624 -9.409 1.338E-02 2
4 12 78.94 0 0.000E+00 732 0 0.000E+00 2 x
4 13 -595.1 2.978 0.000E+00 375 -1.57 0.000E+00 2
4 14 2977 -19.16 3.333E-02 -45.44 5.141 -1.420E-02 2
4 15 1250 0 0.000E+00 -316.22 0 0.000E+00 2
4 16 -2631 13.56 -7.036E-03 978.3 -6.481 7.088E-03 2
4 17 4000 -16.68 2.112E-02 3969 8.497 -5.945E-03 2 x
4 18 135.3 -2.369 3.900E-03 1698.1 -9.8887 1.530E-02 3 x
4 19 208.1 1.333 0.000E+00 170.1 -0.8218 0.000E+00 2
4 20 1352.5 0 0.000E+00 29.747 0 0.000E+00 2
4 21 -46.994 0.3044 0.000E+00 113.07 -0.5957 0.000E+00 2
4 22 213.85 0.2 0.000E+00 -75.01 -0.4268 0.000E+00 2
4 23 192.52 -0.2536 0.000E+00 -38.939 -0.1938 0.000E+00 2
4 24 -106.2 0.6081 0.000E+00 107.8 -0.6785 0.000E+00 2
4 25 -113.6 19.72 0.000E+00 -69.23 -0.7359 0.000E+00 2 x
4 26 1358 -9.968 2.093E-02 1014 -4.702 4.381E-03 2
4 27 -2345 12.29 0.000E+00 1567 -2.678 0.000E+00 2 x
4 28 2586 -9.5 8.819E-03 -1494 7.679 -1.225E-02 2
4 29 0 0 0 0 0 0
4 30 157.9 1.408 0.000E+00 181.2 -1.081 0.000E+00 2
4 31 1856.4481 5.9959 -1.862E-02 1041.3278 -5.2068 7.174E-03 7
4 32 69 0.4317 0.000E+00 448.8 -0.9919 0.000E+00 2 x
4 33 277 -0.5955 0.000E+00 -156.7 0.1221 0.000E+00 2
4 34 0 0 0 0 0 0
4 35 88.93 0.2236 0.000E+00 178.6 -0.7113 0.000E+00 2
4 36 0 0 0 0 0 0
4 37 234.2 -0.2311 0.000E+00 -115.9 -0.0292 0.000E+00 2
4 38 -172.2 0.2257 0.000E+00 -13.15 0.0018 0.000E+00 2
4 39 444.2907 0.1947 0.000E+00 64.2776 -0.5839 0.000E+00 4
4 40 29.5689 0 0.000E+00 153.3207 0 0.000E+00 6
4 41 2303 -6.346 0.000E+00 -736.8 3.332 0.000E+00 2
4 42 -107.1 0.2564 0.000E+00 191.5 -0.5561 0.000E+00 3
4 43 -26.486 -0.2952 0.000E+00 199.48 0.0337 0.000E+00 2
4 44 -514.79 4.9372 0.000E+00 291.65 -1.2039 0.000E+00 2
4 45 297.73 -0.242 0.000E+00 -248.3 0.2547 0.000E+00 2
4 46 72.26 -0.1919 0.000E+00 763.57 -1.3961 0.000E+00 3
4 47 1696.962 -0.7064 0.000E+00 340.9073 -1.008 0.000E+00 4
4 48 76.7251 0.9394 -4.500E-04 246.0842 -0.8198 -1.370E-04 4
4 49 -1.82E+02 3.37E+00 -4.63E-03 1.20E+02 -6.09E-01 6.07E-04 9
4 50 0 0 0 0 0 0
4 51 0 0 0 0 0 0
4 52 1000.8407 -2.5194 0.000E+00 -139.7802 0.1146 0.000E+00 3 x
4 53 164.0493 0 0.000E+00 102.0413 0 0.000E+00 6
4 54 0 0 0 0 0 0
4 55 558.0843 0.565 -3.307E-03 562.34 -3.4373 6.326E-03 7
4 56 -307.42 4.1819 -7.723E-03 1661.26 -8.697 1.424E-02 8
4 57 0 0 0 0 0 0
4 58 0 0 0 0 0 0
4 59 0 0 0 0 0 0
4 76 0 0 0 0 0 0
4 80 0 0 0 0 0 0
4 81 0 0 0 0 0 0
4 83 0 0 0 0 0 0
5 6 346.31 -2.4583 2.929E-03 -1218.2 9.7928 -1.616E-02 2
5 7 -801.9 3.824 -7.514E-03 1460 -8.673 1.641E-02 2
5 8 83.91 -1.262 0.000E+00 465.4 -1.841 0.000E+00 2 x
5 9 -250 2.857 -6.022E-03 653.3 -1.412 9.540E-04 2 x
5 10 -281.4 2.379 -6.668E-03 1590 -24.57 6.212E-02 2 x
5 11 973.8 -5.633 7.690E-03 310.4 1.538 -4.885E-03 2
5 12 235.9 -0.5874 0.000E+00 839.6 -1.215 0.000E+00 2
5 13 816.7 -5.092 6.065E-03 650.9 -0.7132 8.150E-04 3
5 14 -923.7 2.468 0.000E+00 -75.63 -0.1511 0.000E+00 2
5 15 -355.1 0.58 0.000E+00 -660.2 1.743 0.000E+00 2
5 16 104.6 -5.014 8.854E-03 1876 11.5 9.000E-02 2
5 17 -1114 5.916 -7.126E-03 1325 -6.263 7.584E-03 2 x
5 18 -3061.2 9.5413 1.842E-01 -643.09 2.9346 -5.500E-03 3 x
5 19 123.5 0.8503 -2.478E-03 -46 4.415 -8.780E-03 2
5 20 -1295 4.3634 0.000E+00 1525.8 -4.9155 0.000E+00 2
5 21 238.1 -0.7077 0.000E+00 2177 -4.363 0.000E+00 2
5 22 -126 0.1322 0.000E+00 2389 -4.509 0.000E+00 2
5 23 1314.8 0 0.000E+00 963.37 0 0.000E+00 2 x
5 24 925.6 -2.027 0.000E+00 3139 -5.964 0.000E+00 2
5 25 1862 32.07 -9.397E-03 3664 34.13 2.987E-03 2 x
5 26 741.8 -2.098 0.000E+00 1091 -1.274 0.000E+00 2
5 27 2100 0 0.000E+00 316.6 0 0.000E+00 2 x
5 29 0 0 0 0 0 0
5 30 738.4 -1.771 0.000E+00 616.5 -0.1457 0.000E+00 2
5 31 499.8 -2.41 0.000E+00 -468.8 2.421 0.000E+00 2
5 32 838.8 0 0.000E+00 774.7 0 0.000E+00 2
5 33 699.7 -1.767 0.000E+00 1439 -1.673 0.000E+00 2
5 34 -148.9 1.034 0.000E+00 1255 -2.538 0.000E+00 2
5 35 190.4 -1.2 0.000E+00 -452.3 1.956 0.000E+00 2
5 36 1117 -2.196 0.000E+00 1072 -1.248 0.000E+00 2
5 37 439.4 0 0.000E+00 959.3 0 0.000E+00 2
5 38 848.6 0 0.000E+00 1253 0 0.000E+00 2 x
5 39 1036 -2.995 0.000E+00 -366.4 1.129 0.000E+00 2
5 40 0 0 0 0 0 0
5 41 403.8 -0.9346 0.000E+00 703.4 -1.383 0.000E+00 2
5 42 3121 -13.69 1.446E-02 2601 -1.25 -6.309E-03 3
5 43 401.89 -0.4363 -2.004E-03 -238.36 5 -8.186E-03 2
5 45 -32.643 -0.0104 0.000E+00 2985.8 -6.227 0.000E+00 2
5 46 1201.3 -4.6803 0.000E+00 -516.99 2.1888 0.000E+00 2 x
5 47 186.2441 -3.1349 7.737E-03 1460.824 -5.962 4.691E-03 4
5 48 1627.811 -5.8598 5.497E-03 -808.3953 3.8321 -5.877E-03 5
5 49 -1.51E+02 5.28E-01 0.00E+00 8.69E+02 -2.20E+00 0.00E+00 9
5 50 0 0 0 0 0 0
5 52 -3745 4.5137 6.360E-02 7712.2 -7.6896 -3.500E-02 3 x
5 53 495.2762 -2.6496 1.594E-03 700.0498 0.2237 -2.441E-03 6
5 54 0 0 0 0 0 0
5 55 0 0 0 0 0 0
5 56 34.94 1.0075 -2.547E-03 942.22 -2.3183 1.188E-03 8
5 57 0 0 0 0 0 0
5 58 0 0 0 0 0 0
5 59 0 0 0 0 0 0
5 67 0 0 0 0 0 0
5 69 0 0 0 0 0 0
5 74 0 0 0 0 0 0
5 75 0 0 0 0 0 0
5 76 0 0 0 0 0 0
5 76 0 0 0 0 0 0
5 78 0 0 0 0 0 0
5 79 0 0 0 0 0 0
5 80 0 0 0 0 0 0
5 81 0 0 0 0 0 0
5 83 0 0 0 0 0 0
6 7 -328.5 1.0823 -2.200E-03 -524.3 4.6065 -4.000E-03 2 x
6 8 -867 -1.258 2.998E-02 265.5 -2.905 2.283E-03 2 x
6 9 86.439 -0.4651 0.000E+00 394.78 -0.3605 0.000E+00 2 x
6 10 -392.5 2.256 0.000E+00 -158.4 -0.6469 0.000E+00 2 x
6 11 299.23 -1.2702 0.000E+00 294.76 0.3745 0.000E+00 2
6 12 220.7 -0.6402 0.000E+00 444.7 -0.0682 0.000E+00 2
6 13 -87.48 -0.5522 0.000E+00 475.2 0.1198 0.000E+00 2
6 14 -495.25 1.0807 0.000E+00 -467.95 0.6574 0.000E+00 2
6 15 -1508.5 4.4917 0.000E+00 -278.09 -0.3989 0.000E+00 2
6 16 -1039 5.603 -6.551E-03 39.33 -3.354 6.714E-03 2
6 17 -2012 13.46 -2.004E-02 251.2 -1.274 2.214E-03 2 x
6 18 -341.3436 -5.8042 1.406E-02 -230.3807 -0.3825 2.329E-03 3 x
6 19 97.973 -0.2867 0.000E+00 615.01 -0.9444 0.000E+00 2
6 20 -733.07 2.3351 0.000E+00 1075.5 -3.4339 0.000E+00 2 x
6 21 -16.521 -0.2814 0.000E+00 1831.2 -2.9694 0.000E+00 2
6 22 -85.926 -0.2637 0.000E+00 1904.4 -2.7981 0.000E+00 2
6 23 -139.58 0 0.000E+00 893.38 0 0.000E+00 2
6 24 -40.13 -0.0671 0.000E+00 2150 -2.813 0.000E+00 2
6 25 3000 -11.81 0.000E+00 2955 -6.383 0.000E+00 2 x
6 26 374.2 -2.212 2.688E-03 1079 -1.766 1.238E-03 2
6 27 0 0 0 0 0 0
6 28 -332.4 4.419 -7.797E-03 2645 -9.172 1.177E-02 2
6 29 75.71 -0.3753 0.000E+00 1334 -1.863 0.000E+00 2
6 30 -369.8 2.203 0.000E+00 662 -1.903 0.000E+00 2
6 31 33.19 -0.2074 0.000E+00 -3.428 0.483 0.000E+00 2
6 32 180.5 0.3161 0.000E+00 1965 -3.858 0.000E+00 2
6 33 28.95 -0.3303 0.000E+00 648.8 0.805 0.000E+00 2
6 34 0 0 0 0 0 0
6 35 -185.9 0.0391 0.000E+00 145 -0.6343 0.000E+00 2
6 36 164 0 0.000E+00 135.9 0 0.000E+00 2
6 37 -43.88 0 0.000E+00 2421 0 0.000E+00 2
6 38 -99.58 0 0.000E+00 1235 0 0.000E+00 x
6 39 101.2 -1.078 0.000E+00 -269.7 1.732 0.000E+00 2
6 40 0 0 0 0 0 0
6 41 308.7 -1.175 0.000E+00 678.1 -1.335 0.000E+00 2
6 42 68.972 -0.42 0.000E+00 2540.7 -3.5236 0.000E+00 2
6 43 -308.7 1.7454 -3.350E-03 952.24 -3.3287 5.360E-03 2
6 45 -242.6 0.2956 -9.006E-05 4519.2998 -19.456 2.598E-02 2
6 46 0 0 0 0 0 0
6 47 -119.0759 0.9938 0.000E+00 -52.6911 -0.7465 0.000E+00 4
6 48 210.9088 -2.4953 4.800E-03 -132.9266 0.6584 -2.080E-03 4
6 49 1.97E+02 -9.86E-01 0.00E+00 -1.95E+02 1.18E+00 0.00E+00
6 50 0 0 0 0 0 0
6 52 673.7189 -2.3567 0.000E+00 2676.7324 -5.4899 0.000E+00 2 x
6 53 137.9489 -1.4112 1.718E-03 524.5239 0.4314 -1.661E-03 6
6 54 0 0 0 0 0 0
6 55 0 0 0 0 0 0
6 56 166.42 0.994 -3.346E-03 1683.48 -8.0031 1.159E-02 8
6 57 0 0 0 0 0 0
6 58 0 0 0 0 0 0
6 59 0 0 0 0 0 0
6 60 0 0 0 0 0 0
6 61 0 0 0 0 0 0
6 62 0 0 0 0 0 0
6 63 0 0 0 0 0 0
6 64 0 0 0 0 0 0
6 74 0 0 0 0 0 0
6 75 0 0 0 0 0 0
6 76 0 0 0 0 0 0
6 77 0 0 0 0 0 0
6 78 0 0 0 0 0 0
6 79 0 0 0 0 0 0
6 80 0 0 0 0 0 0
6 81 0 0 0 0 0 0
7 8 -2686 19.44 -2.702E-02 148.4 -2.757 2.329E-03 2 x
7 9 190.5 -3.669 8.838E-03 770.6 -0.5873 -3.252E-03 2 x
7 10 -1545 6.512 0.000E+00 512.6 -2.145 0.000E+00 2
7 11 -675.5 3.609 0.000E+00 322.3 -1.305 0.000E+00 2 x
7 12 140.707 0 0.000E+00 53.2836 0 0.000E+00 5
7 13 -197.5 0.1766 0.000E+00 140.7 0.0568 0.000E+00 2 x
7 14 798.5 -5.869 1.032E-02 -980.6 3.671 -5.908E-03 2
7 15 1524 -2.531 0.000E+00 -851 1.034 0.000E+00 2
7 16 274.5 -0.5905 2.205E-03 -446 -0.7738 2.634E-03 2
7 17 158.4 0.5246 0.000E+00 -131 -0.7957 0.000E+00 2 x
7 18 -3178.5 9.8213 -3.400E-03 -393.18 0.5546 -2.900E-03 3 x
7 19 -634.1 3.59 0.000E+00 509.6 -1.916 0.000E+00 2
7 20 -1795.2 12.708 -1.546E-02 624.97 -4.6878 5.237E-03 2
7 21 86.69 1.592 0.000E+00 313.3 -0.5041 0.000E+00 2
7 22 134.1 0.9495 0.000E+00 748.2 -1.319 0.000E+00 2
7 23 0 0 0 0 0 0
7 24 1008 -1.795 0.000E+00 1282 -2.815 0.000E+00 2 x
7 25 -1895 9.303 0.000E+00 591.6 -3.08 0.000E+00 2 x
7 26 -595.7 2.634 0.000E+00 882.6 -2.606 0.000E+00 2
7 28 0 0 0 0 0 0
7 29 0 0 0 0 0 0
7 30 -123.8 3.847 0.000E+00 501.4 -1.939 0.000E+00 2
7 31 372.5 -0.9091 0.000E+00 -368.8 0.7775 0.000E+00 2
7 33 822.2 0 0.000E+00 -17.99 0 0.000E+00 2
7 35 117 -0.611 0.000E+00 -370.8 0.1043 0.000E+00 2
7 36 419.8 2.436 0.000E+00 276.9 -0.9948 0.000E+00 2
7 39 -494.2 2.826 0.000E+00 -121.8 -0.6029 0.000E+00 2
7 40 0 0 0 0 0 0
7 41 676 -0.9909 0.000E+00 808.4 -2.929 0.000E+00 2
7 42 274.37 -0.5861 -3.001E-04 1632.9 -2.8719 3.455E-03 2
7 43 54.962 -2.585 8.218E-03 843.09 -2.635 7.040E-04 2
7 44 -804.28 2.828 0.000E+00 594.45 -2.2535 0.000E+00 2
7 45 509.3 -0.29 0.000E+00 -523.8 3.158 0.000E+00 2 x
7 46 659.22 -1.8841 0.000E+00 -588.21 0.9707 0.000E+00 3
7 47 934.6664 -4.4232 6.054E-03 -649.3126 1.3487 -1.586E-03 4
7 48 64.443 -0.0094 0.000E+00 -439.5799 0.3142 0.000E+00 4
7 49 -1.12E+03 7.96E+00 -8.56E-03 -1.29E+02 -4.69E-01 -9.16E-04 9
7 53 499.4436 -6.6553 1.656E-02 952.5726 -0.8437 -4.795E-03 6
7 55 0 0 0 0 0 0
7 56 -302.93 0.5975 0.000E+00 652.86 -1.8013 0.000E+00 8
7 57 0 0 0 0 0 0
7 58 0 0 0 0 0 0
7 61 0 0 0 0 0 0
7 69 0 0 0 0 0 0
7 74 0 0 0 0 0 0
7 75 0 0 0 0 0 0
7 76 0 0 0 0 0 0
7 78 0 0 0 0 0 0
7 79 0 0 0 0 0 0
7 82 0 0 0 0 0 0
7 83 0 0 0 0 0 0
8 9 -145.2 -0.738 0.000E+00 -666.8 1.918 0.000E+00 2 x
8 10 5.604 0 0.000E+00 -410.21 0 0.000E+00 3
8 11 -212.9 0 0.000E+00 -224.4 0 0.000E+00 2 x
8 12 0 0 0 0 0 0
8 13 -329.3 0 0.000E+00 -80.58 0 0.000E+00 2 x
8 14 0 0 0 0 0 0
8 16 0 0 0 0 0 0
8 17 542 -6.792 1.655E-02 -131.1 -0.9399 4.690E-04 2 x
8 18 -4080.8999 12.859 -1.010E-02 -41.594 -3.5887 4.000E-03 2 x
8 20 401.88 0 0.000E+00 281.08 0 0.000E+00 2 x
8 21 0 0 0 0 0 0
8 22 0 0 0 0 0 0
8 23 0 0 0 0 0 0
8 24 2356 -3.347 0.000E+00 2157 -3.718 0.000E+00 2 x
8 25 555.5 0 0.000E+00 1554 0 0.000E+00 2 x
8 27 0 0 0 0 0 0
8 31 -309 0 0.000E+00 191.7 0 0.000E+00 2 x
8 37 0 0 0 0 0 0
8 41 0 0 0 0 0 0
8 42 391.2 -0.8799 0.000E+00 3630 -6.23 0.000E+00 2 x
8 43 0 0 0 0 0 0
8 45 0 0 0 0 0 0
8 46 0 0 0 0 0 0
8 47 0 0 0 0 0 0
8 50 0 0 0 0 0 0
8 52 4911.3999 9.8501 0.000E+00 2332.5 -4.0832 0.000E+00 2 x
8 53 0 0 0 0 0 0
8 55 0 0 0 0 0 0
8 57 0 0 0 0 0 0
8 58 0 0 0 0 0 0
8 59 0 0 0 0 0 0
8 60 0 0 0 0 0 0
8 83 0 0 0 0 0 0
9 10 197.6 0 0.000E+00 -93.08 0 0.000E+00 2 x
9 11 -16.486 -0.2792 0.000E+00 33.415 0.2191 0.000E+00 2 x
9 12 -83.57 0 0.000E+00 101.3 0 0.000E+00 2 x
9 13 3645 -26.91 4.757E-02 695.8 -0.9619 -2.462E-03 2 x
9 15 -47.97 0 0.000E+00 119.5 0 0.000E+00 2 x
9 16 -389.6 0.1944 1.863E-03 2831 -13.01 1.558E-02 2 x
9 17 1732 -9.896 1.410E-02 1460 -13.73 2.917E-02 2 x
9 18 -1908.7 4.1057 0.000E+00 307.16 -0.8161 0.000E+00 2 x
9 19 -191 0.6835 0.000E+00 79.08 -0.3808 0.000E+00 2 x
9 20 -109.51 0.9689 0.000E+00 178.22 -0.9168 0.000E+00 2 x
9 21 -99.976 0 0.000E+00 55.27 0 0.000E+00 2 x
9 22 -18.695 -0.5261 0.000E+00 -218.94 1.0749 0.000E+00 2 x
9 23 810.17 -3.2209 2.144E-03 -48.641 -0.795 3.713E-03 2 x
9 24 -208.71 0.8293 -1.400E-03 155.73 1.4412 -2.500E-03 3 x
9 25 1297 -1.365 -2.253E-02 1375 2.499 6.309E-03 2 x
9 26 -35.89 -0.1009 0.000E+00 -32.6 0.0847 0.000E+00 2 x
9 27 -169.6 2.986 0.000E+00 -328.1 0.3045 0.000E+00 2 x
9 28 419.9 0.0977 0.000E+00 315.3 -0.5617 0.000E+00 2 x
9 29 2.714 0 0.000E+00 64.41 0 0.000E+00 2 x
9 30 -986 3.847 0.000E+00 277 -1.357 0.000E+00 2 x
9 31 478.5 -1.148 0.000E+00 -72.58 0.4909 0.000E+00 2 x
9 32 346.6 -0.7017 0.000E+00 -182 0.7905 0.000E+00 2 x
9 33 -717.76 2.9431 0.000E+00 319.69 -1.4362 0.000E+00 2 x
9 34 -62.43 -0.8977 0.000E+00 -481.2 9.604 0.000E+00 2 x
9 35 -76.87 0.5372 0.000E+00 38.06 -0.5189 0.000E+00 2 x
9 36 0 0 0 0 0 0
9 37 64.01 -1.077 0.000E+00 -153.4 3.143 0.000E+00 2 x
9 38 0 0 0 0 0 0
9 39 80.792 -3.702 1.159E-02 1955.5 -10 1.139E-02 2 x
9 40 0 0 0 0 0 0
9 41 64.21 0 0.000E+00 -148.3 0 0.000E+00 2 x
9 42 168.2 -0.8197 0.000E+00 464.5 0.1542 0.000E+00 3 x
9 43 -62.857 0.2898 0.000E+00 80.038 -0.1012 0.000E+00 2 x
9 44 0 0 0 0 0 0
9 45 -497.98 0.7972 2.982E-04 945.14 -3.8168 4.535E-03 2 x
9 46 0 0 0 0 0 0
9 47 502.1003 0.3401 0.000E+00 141.0113 -0.9829 0.000E+00 4 x
9 48 37.369 0 0.000E+00 -116.4047 0 0.000E+00 4 x
9 49 4.11E+02 -1.11E+00 0.00E+00 -2.01E+02 7.12E-01 0.00E+00 9
9 52 -153.7 0.242 0.000E+00 2311.5 -6.6054 0.000E+00 2 x
9 53 0 0 0 0 0 0
9 54 0 0 0 0 0 0
9 55 0 0 0 0 0 0
9 60 0 0 0 0 0 0
9 61 0 0 0 0 0 0
9 62 0 0 0 0 0 0
9 63 0 0 0 0 0 0
9 64 0 0 0 0 0 0
9 69 0 0 0 0 0 0
9 70 0 0 0 0 0 0
9 74 0 0 0 0 0 0
9 75 0 0 0 0 0 0
9 76 0 0 0 0 0 0
9 77 0 0 0 0 0 0
9 80 0 0 0 0 0 0
9 82 0 0 0 0 0 0
9 83 0 0 0 0 0 0
10 11 -208.4 0 0.000E+00 389.7 0 0.000E+00 2
10 12 -160.7 0 0.000E+00 226.6 0 0.000E+00 2
10 13 209 -0.6241 0.000E+00 235.7 0.1314 0.000E+00 2
10 19 0 0 0 0 0 0
10 20 435.64 0 0.000E+00 -188 0 0.000E+00 2
10 21 985.7 -2.986 0.000E+00 -888.3 3.426 0.000E+00 2
10 22 -41.537 0 0.000E+00 354.71 0 0.000E+00 3 x
10 29 -373.7 0 0.000E+00 -397.5 0 0.000E+00 2
10 30 -742.7 0 0.000E+00 -214.8 0 0.000E+00 2
10 32 114.3 0 0.000E+00 293.5 0 0.000E+00 2
10 34 236.6 0 0.000E+00 -93.066 0 0.000E+00 3
10 36 0 0 0 0 0 0
10 37 -43.56 0 0.000E+00 945.6 0 0.000E+00 2
10 39 2371 0 0.000E+00 -225.3 0 0.000E+00 2
10 41 0 0 0 0 0 0
10 42 716.7 -1.516 0.000E+00 1161 -0.5724 0.000E+00 3
10 43 0 0 0 0 0 0
10 45 0 0 0 0 0 0
10 53 0 0 0 0 0 0
10 54 0 0 0 0 0 0
10 60 0 0 0 0 0 0
10 74 0 0 0 0 0 0
11 12 342.4 0 0.000E+00 -251.7 0 0.000E+00 2
11 13 195.3 -9.75 4.051E-02 824.2 -6.009 8.271E-03 2
11 14 0 0 0 0 0 0
11 15 3168 -24.07 4.303E-02 3329 -13.78 1.193E-02 2
11 16 152.8 -1.099 0.000E+00 160.8 0.8719 0.000E+00 2
11 17 -1355 7.683 -1.012E-02 3499 -22.96 3.543E-02 2 x
11 18 87.6005 1.4109 0.000E+00 45.3095 -1.4281 0.000E+00 3 x
11 19 -193.23 0.4301 0.000E+00 139.55 -0.4367 0.000E+00 2
11 20 62.031 1.0567 0.000E+00 59.594 -0.712 0.000E+00 2
11 21 -49.339 0 0.000E+00 48.852 0 0.000E+00 2 x
11 22 168.17 -1.0536 0.000E+00 -461.35 1.8569 0.000E+00 2
11 23 0 0 0 0 0 0
11 24 -5.71 -0.2724 0.000E+00 223.4 0.1237 0.000E+00 2
11 25 3351 -14.54 0.000E+00 -788.6 1.693 0.000E+00 2 x
11 26 9.222 -0.3292 0.000E+00 -50.36 0.0245 0.000E+00 2
11 27 0 0 0 0 0 0
11 28 861.1 -1.693 0.000E+00 280 -0.9491 0.000E+00 2
11 30 80.69 0 0.000E+00 -136.3 0 0.000E+00 2
11 31 -72.07 0 0.000E+00 69.25 0 0.000E+00 2
11 32 82.96 0 0.000E+00 11.62 0 0.000E+00 2
11 33 -386.3 1.892 0.000E+00 248.3 -1.198 0.000E+00 2
11 34 0 0 0 0 0 0
11 35 296.8 -1.264 0.000E+00 -337.1 0.8843 0.000E+00 2
11 36 -92.12 0.9031 0.000E+00 503.5 -1.792 0.000E+00 2
11 37 -201.4 0.5487 0.000E+00 -320 1.052 0.000E+00 2
11 38 0 0 0 0 0 0
11 39 96.7704 0.4827 0.000E+00 16.6938 -0.5966 0.000E+00 4
11 40 0 0 0 0 0 0
11 41 -338.8 1.837 0.000E+00 3.924 -1.174 0.000E+00 2
11 42 374.1 -1.976 1.682E-03 460.8 -0.0621 4.100E-05 3
11 43 -28.231 0 0.000E+00 36.948 0 0.000E+00 2 x
11 44 745.4 0 0.000E+00 -447.04 0 0.000E+00 2
11 45 -579.11 0.9455 0.000E+00 966.35 -2.1861 0.000E+00 2 x
11 46 0 0 0 0 0 0
11 47 758.1276 -0.2593 0.000E+00 32.7103 -0.8641 0.000E+00 4
11 48 611.4677 -2.4783 0.000E+00 -1031.7838 3.9906 0.000E+00 4
11 49 2.97E+03 -5.46E+00 0.00E+00 8.16E+01 -1.31E+00 0.00E+00 9 0 0 0 0 0 0
11 50 0 0 0 0 0 0
11 51 0 0 0 0 0 0
11 53 0 0 0 0 0 0
11 54 0 0 0 0 0 0
11 55 0 0 0 0 0 0
11 56 0 0 0 0 0 0
11 57 0 0 0 0 0 0
11 58 0 0 0 0 0 0
11 59 0 0 0 0 0 0
11 60 0 0 0 0 0 0
11 61 0 0 0 0 0 0
11 62 0 0 0 0 0 0
11 63 0 0 0 0 0 0
11 67 0 0 0 0 0 0
11 69 0 0 0 0 0 0
11 70 0 0 0 0 0 0
11 74 0 0 0 0 0 0
11 75 0 0 0 0 0 0
11 76 0 0 0 0 0 0
11 77 0 0 0 0 0 0
11 78 0 0 0 0 0 0
11 79 0 0 0 0 0 0
11 82 0 0 0 0 0 0
12 13 0 0 0 0 0 0
12 18 -9.2978 0 0.000E+00 -123.7294 0 0.000E+00 3 x
12 19 92.21 0 0.000E+00 -33.64 0 0.000E+00 2
12 22 0 0 0 0 0 0
12 24 -142.2 0.572 0.000E+00 465.8 -0.773 0.000E+00 2
12 25 1894 0 0.000E+00 18.79 0 0.000E+00 2 x
12 29 161.8 0 0.000E+00 13.97 0 0.000E+00 2
12 33 0 0 0 0 0 0
12 37 745.4 -0.622 0.000E+00 -479.1 0.8031 0.000E+00 2
12 39 580.3 0 0.000E+00 -285.5 0 0.000E+00 2
12 41 0 0 0 0 0 0
12 42 227.6 -0.7762 0.000E+00 509 -0.2248 0.000E+00 3
12 44 489.15 0 0.000E+00 -441.01 0 0.000E+00 2
12 45 260.64 -1.2868 0.000E+00 -597.09 2.5295 0.000E+00 2
12 53 0 0 0 0 0 0
12 55 0 0 0 0 0 0
12 60 0 0 0 0 0 0
13 14 0 0 0 0 0 0
13 15 0 0 0 0 0 0
13 16 0 0 0 0 0 0
13 17 0 0 0 0 0 0
13 18 -199.9429 -6.9867 1.928E-02 -430.4893 -0.728 3.991E-03 3 x
13 19 1987 -8.022 1.065E-02 -588.8 1.481 -2.636E-03 2
13 20 521.48 0 0.000E+00 -310.82 0 0.000E+00 2
13 21 -208.6 -0.2571 2.418E-03 872 -2.939 1.269E-03 2
13 22 492.9 -6.475 1.806E-02 215.3 -2.482 2.745E-03 2
13 23 -607.35 2.3467 0.000E+00 97.128 -0.6439 0.000E+00 2
13 24 -425.4 0.9514 0.000E+00 641.2 -1.486 0.000E+00 2
13 25 974 -1.368 -1.983E-02 381.1 -5.682 1.675E-02 2 x
13 26 -305.1 0.7063 0.000E+00 319.6 -1.368 0.000E+00 2
13 27 0 0 0 0 0 0
13 28 35.02 1.702 0.000E+00 198.5 -1.434 0.000E+00 2
13 29 102.6 0 0.000E+00 -210.1 0 0.000E+00 2 x
13 30 513.7 0 0.000E+00 -299.6 0 0.000E+00 2
13 31 0 0 0 0 0 0
13 32 -104.8 0 0.000E+00 464 0 0.000E+00 2
13 33 0 0 0 0 0 0
13 34 -137.87 0 0.000E+00 169.27 0 0.000E+00 3
13 37 -422.7 2.23 0.000E+00 -326.4 0.24 0.000E+00 2
13 38 155.7 -1.578 0.000E+00 -528.8 2.822 0.000E+00 2
13 40 0 0 0 0 0 0
13 41 0 0 0 0 0 0
13 42 397 -1.379 0.000E+00 -214.1 1.134 0.000E+00 3
13 43 -124.33 -0.294 0.000E+00 561.14 -0.7058 0.000E+00 2 x
13 44 -454.92 0 0.000E+00 310.75 0 0.000E+00 2
13 45 -515.93 0.3835 0.000E+00 1368 -2.6254 0.000E+00 2
13 46 0 0 0 0 0 0
13 48 1321.5245 0 0.000E+00 -361.2499 0 0.000E+00 4
13 49 3.86E+03 -9.28E+00 7.00E-06 -2.25E+02 -4.11E-01 -4.00E-06 9
13 50 0 0 0 0 0 0
13 53 0 0 0 0 0 0
13 54 0 0 0 0 0 0
13 55 0 0 0 0 0 0
13 57 0 0 0 0 0 0
13 65 0 0 0 0 0 0
13 67 0 0 0 0 0 0
13 69 0 0 0 0 0 0
13 70 0 0 0 0 0 0
13 74 0 0 0 0 0 0
13 78 0 0 0 0 0 0
13 80 0 0 0 0 0 0
14 15 1517 -12.72 2.557E-02 -1074 9 -1.795E-02 2
14 16 -472.4 -0.2051 1.058E-02 836.6 -5.208 4.801E-03 2
14 17 0 0 0 0 0 0
14 19 -412.38 -0.4909 6.255E-03 2412.2 -10.495 9.741E-03 2 x
14 21 0 0 0 0 0 0
14 24 -65.76 -0.3148 0.000E+00 333.9 -0.1415 0.000E+00 2
14 25 2553 -11.9 0.000E+00 3873 -9.315 0.000E+00 2 x
14 29 -205.1 0 0.000E+00 244.4 0 0.000E+00 2
14 31 0 0 0 0 0 0
14 35 0 0 0 0 0 0
14 39 162.14 0 0.000E+00 -112.76 0 0.000E+00 2
14 42 124.3 -1.147 0.000E+00 621.9 0.258 0.000E+00 3
14 43 -143.07 182.58 2 0 0 0 0 0 0
14 46 0 0 0 0 0 0
14 47 413.1067 0 0.000E+00 -293.9284 0 0.000E+00 4
14 60 0 0 0 0 0 0
14 78 0 0 0 0 0 0
14 79 0 0 0 0 0 0
14 80 0 0 0 0 0 0
14 81 0 0 0 0 0 0
15 16 402.6 -1.614 0.000E+00 -639.9 2.561 0.000E+00 2
15 17 0 0 0 0 0 0
15 18 0 0 0 0 0 0
15 19 242.2 0 0.000E+00 -131.9 0 0.000E+00 2
15 24 -3.28 0 0.000E+00 43.83 0 0.000E+00 2
15 25 3888 -16.26 0.000E+00 -868.8 2.948 0.000E+00 2 x
15 31 0 0 0 0 0 0
15 38 -330.2 0 0.000E+00 904.1 0 0.000E+00 2
15 39 -88.4923 0 0.000E+00 -230.554 0 0.000E+00 4
15 42 -131.9 -0.0074 0.000E+00 1248 -2.79 0.000E+00 3
15 43 -186.98 0 0.000E+00 295.07 0 0.000E+00 2 x
15 45 0 0 0 0 0 0
15 46 0 0 0 0 0 0
15 47 444.6679 0.8351 0.000E+00 -196.2303 -0.0511 0.000E+00 4
15 60 0 0 0 0 0 0
15 78 0 0 0 0 0 0
16 17 0 0 0 0 0 0
16 19 0 0 0 0 0 0
16 21 0 0 0 0 0 0
16 22 -473 0.8883 0.000E+00 406.8 -1.524 0.000E+00 2
16 24 215.9 -1.399 0.000E+00 -825.9 3.15 0.000E+00 2
16 25 1622 -4.812 -1.856E-02 -94.87 -9.612 3.722E-02 2 x
16 28 0 0 0 0 0 0
16 31 0 0 0 0 0 0
16 38 -7.532 -0.8077 0.000E+00 35.16 0.09723 0.000E+00 2 0 0 0 0 0 0
16 39 965 0 0.000E+00 -311.9 0 0.000E+00 2
16 41 0 0 0 0 0 0
16 42 0 0 0 0 0 0
16 43 0 0 0 0 0 0
16 44 0 0 0 0 0 0
16 45 -420.24 0.2632 0.000E+00 -1035.8 3.078 0.000E+00 2
16 47 -729.5023 6.2811 0.000E+00 -66.6079 -0.696 0.000E+00 4
16 48 2111.2449 0 0.000E+00 -235.6095 0 0.000E+00 4
16 60 0 0 0 0 0 0
16 78 0 0 0 0 0 0
17 18 74.285 14.613 -2.830E-02 -558.39 1.2436 -7.000E-04 2 x
17 19 393.9 -4.703 9.003E-03 2987 -9.336 7.147E-03 2 x
17 20 0 0 0 0 0 0
17 21 582.1 -2.33 3.770E-04 -338 3.372 -3.676E-03 2 x
17 24 3986 -16.15 1.635E-02 2626 -10.59 1.466E-02 2 x
17 25 3709.2 0 0.000E+00 1583.8 0 0.000E+00 2 x
17 27 3770 1.686 0.000E+00 1.655 -1.164 0.000E+00 2 x
17 31 1268 -3.042 0.000E+00 -818.8 3.229 0.000E+00 2 x
17 39 -391.9 0 0.000E+00 650.7 0 0.000E+00 2 x
17 42 1371 -3.323 0.000E+00 1091 -0.2657 0.000E+00 2 x
17 45 0 0 0 0 0 0
17 46 0 0 0 0 0 0
17 47 1271.4183 -6.4373 6.451E-03 -2476.1787 10.9894 -9.617E-03 4
17 62 0 0 0 0 0 0
17 75 0 0 0 0 0 0
17 76 0 0 0 0 0 0
18 19 746.1208 -2.1937 0.000E+00 -2307.7947 5.8186 0.000E+00 3 x
18 20 -451.49 -0.4031 0.000E+00 -2617.7 4.614 0.000E+00 3 x
18 21 -67.106 -0.4933 0.000E+00 -1592.8499 2.8397 0.000E+00 3 x
18 22 -978.246 2.1884 0.000E+00 946.7893 -4.9886 0.000E+00 3 x
18 23 0 0 0 0 0 0
18 24 229.6591 -1.5005 0.000E+00 -2110.9729 6.3625 0.000E+00 3 x
18 25 0 0 0 0 0 0 0
18 27 0 0 0 0 0 0
18 33 -713.65 1.9191 0.000E+00 -763.19 0.603 0.000E+00 3 x
18 37 0 0 0 0 0 0
18 38 197.9454 -0.3316 -4.000E-04 -1052.5208 1.6854 2.700E-03 3 x
18 40 0 0 0 0 0 0
18 42 130.61 -1.0823 0.000E+00 -492.38 1.6501 0.000E+00 3 x
18 43 -250.2521 0.3811 0.000E+00 -1269.7316 2.6335 0.000E+00 3 x
18 44 0 0 0 0 0 0
18 45 -516.3073 1.6943 0.000E+00 -1646.7843 2.7237 0.000E+00 3 x
18 47 489.9347 -0.5591 -1.020E-03 -2250.6443 5.4638 -1.500E-04 4 x
18 52 -674.0007 1.8854 0.000E+00 4998.5674 1.1962 0.000E+00 3 x
18 54 0 0 0 0 0 0
18 77 0 0 0 0 0 0
18 78 0 0 0 0 0 0
18 80 0 0 0 0 0 0
18 81 0 0 0 0 0 0
18 82 0 0 0 0 0 0
19 20 0 0 0 0 0 0
19 21 176.5 -1.237 0.000E+00 -368.7 1.992 0.000E+00 2 x
19 22 -78.96 0 0.000E+00 14.76 0 0.000E+00 2
19 23 0 0 0 0 0 0
19 24 65.82 -0.6265 0.000E+00 357.6 0.7676 0.000E+00 2
19 25 1283 3.361 -2.988E-02 2331 -9.238 1.158E-02 2 x
19 26 117.53 -0.4469 0.000E+00 -128.21 0.5035 0.000E+00 2 x
19 28 468.8 0 0.000E+00 434.8 0 0.000E+00 2
19 29 -18.8 -0.3652 0.000E+00 41.54 0.646 0.000E+00 2
19 31 506.6 -1.263 0.000E+00 11.72 0.7004 0.000E+00 2
19 33 -211.2 0 0.000E+00 362.6 0 0.000E+00 2
19 34 11.65 -1.229 0.000E+00 -1428 7.698 0.000E+00 2
19 36 267.1 0 0.000E+00 -144.7 0 0.000E+00 2 x
19 37 61.96 -0.4161 0.000E+00 -19.1 1.195 0.000E+00 2
19 38 0 0 0 0 0 0
19 39 57.0813 -0.7417 0.000E+00 -160.4825 1.0644 0.000E+00 4
19 41 -75.67 0 0.000E+00 26.8 0 0.000E+00 2
19 42 256.2 -1.526 1.118E-03 1336 -3.395 4.586E-03 3
19 43 -28.653 -0.4815 0.000E+00 56.754 0.8978 0.000E+00 2
19 44 0 0 0 0 0 0
19 45 237.42 -1.2928 0.000E+00 -642.44 2.8574 0.000E+00 2 x
19 49 2.98E+02 -6.62E-01 0.00E+00 -1.17E+02 5.48E-01 0.00E+00 9
19 57 0 0 0 0 0 0
19 60 0 0 0 0 0 0
20 21 27.618 0 0.000E+00 702.4 0 0.000E+00 2
20 22 94.606 0 0.000E+00 425.97 0 0.000E+00 2
20 24 701.95 -1.7576 0.000E+00 213.34 2.1861 0.000E+00 2
20 25 -1398.7 0 0.000E+00 1000 0 0.000E+00 2 x
20 30 0 0 0 0 0 0
20 32 146.06 0 0.000E+00 780.71 0 0.000E+00 2
20 33 -18.328 0 0.000E+00 753.21 0 0.000E+00 2
20 35 0 0 0 0 0 0
20 37 -447.95 1.5141 0.000E+00 283.64 1.5491 0.000E+00 2
20 39 -421.21 0 0.000E+00 93.773 0 0.000E+00 2
20 41 0 0 0 0 0 0
20 42 1060 -2.822 0.000E+00 578.3 1.493 0.000E+00 3
20 43 720.45 -1.5187 0.000E+00 -140.77 0.309 0.000E+00 2
20 44 -65.631 0 0.000E+00 -14.016 0 0.000E+00 2 x
20 45 508.72 -1.4005 0.000E+00 -386.93 2.3961 0.000E+00 2
20 46 0 0 0 0 0 0
20 47 -369.3104 0 0.000E+00 -0.2928 0 0.000E+00 4
20 48 -400.859 0 0.000E+00 -244.6923 0 0.000E+00 4
20 54 0 0 0 0 0 0
20 60 0 0 0 0 0 0
20 62 0 0 0 0 0 0
20 63 0 0 0 0 0 0
20 64 0 0 0 0 0 0
20 77 0 0 0 0 0 0
20 80 0 0 0 0 0 0
20 81 0 0 0 0 0 0
21 22 70.79 0 0.000E+00 -66.21 0 0.000E+00 2
21 23 592.4 -4.2459 6.905E-03 603.29 -3.977 6.248E-03 2
21 24 16.34 0.0729 0.000E+00 95.05 -0.2348 0.000E+00 2
21 25 3985 -15.7 0.000E+00 15.62 -1.099 0.000E+00 2 x
21 26 24.44 -0.4713 0.000E+00 142.1 -0.153 0.000E+00 2
21 27 1248 -2.04 0.000E+00 1295 -4.224 0.000E+00 2
21 28 295.9 0 0.000E+00 -137.7 0 0.000E+00 2
21 30 666 0 0.000E+00 -390.6 0 0.000E+00 2
21 32 0 0 0 0 0 0
21 33 128.8 -0.2077 0.000E+00 -92.68 -0.0131 0.000E+00 2
21 34 0 0 0 0 0 0
21 37 280 0 0.000E+00 -207.3 0 0.000E+00 2
21 39 -70.4491 0 0.000E+00 -59.2862 0 0.000E+00 4
21 40 0 0 0 0 0 0
21 42 -31.42 -0.248 0.000E+00 370.6 -0.322 0.000E+00 3
21 43 -325.77 2.0412 0.000E+00 70.075 -1.149 0.000E+00 2
21 44 530.3 0 0.000E+00 17.052 0 0.000E+00 2
21 45 207.12 -0.4396 0.000E+00 -175.29 0.3275 0.000E+00 2
21 46 0 0 0 0 0 0
21 48 0 0 0 0 0 0
21 49 9.56E+02 -1.00E+00 0.00E+00 -1.51E+02 -4.59E-01 0.00E+00 9
21 53 0 0 0 0 0 0
21 55 0 0 0 0 0 0
21 60 0 0 0 0 0 0
21 64 0 0 0 0 0 0
21 65 0 0 0 0 0 0
21 74 0 0 0 0 0 0
22 23 187.43 -3.446 6.718E-03 1468.9 -5 3.701E-03 2 x
22 24 46.29 -0.2115 0.000E+00 46.03 0.0539 0.000E+00 2
22 25 3353 -14.2 0.000E+00 368.6 -1.748 0.000E+00 2 x
22 26 822.4 -2.05 0.000E+00 -423.1 0.8154 0.000E+00 2
22 27 0 0 0 0 0 0
22 30 -174.6 0 0.000E+00 106.3 0 0.000E+00 2
22 32 132.7 -0.1183 0.000E+00 -23.81 -0.092 0.000E+00 2
22 33 -139.6 1.022 0.000E+00 96.4 -0.776 0.000E+00 2
22 34 0 0 0 0 0 0
22 35 -178.3 0.7426 0.000E+00 -39.45 -0.8556 0.000E+00 2
22 37 160.7 0 0.000E+00 -135.9 0 0.000E+00 2
22 39 -147.6446 0 0.000E+00 75.4469 0 0.000E+00 4
22 40 0 0 0 0 0 0
22 42 10.7 -0.2702 0.000E+00 224.4 -0.1399 0.000E+00 3
22 43 108.83 -0.8606 0.000E+00 -358.57 1.3307 0.000E+00 2
22 45 7.3664 0.4046 0.000E+00 -1.6641 -0.3783 0.000E+00 2
22 46 0 0 0 0 0 0
22 48 102.8047 -0.0879 0.000E+00 -446.861 0.4276 0.000E+00 4
22 49 -1.02E+03 3.09E+00 0.00E+00 8.95E+02 -2.93E+00 0.00E+00 9
22 50 0 0 0 0 0 0
22 55 0 0 0 0 0 0
22 56 0 0 0 0 0 0
22 60 0 0 0 0 0 0
22 62 0 0 0 0 0 0
22 65 0 0 0 0 0 0
22 68 0 0 0 0 0 0
22 69 0 0 0 0 0 0
22 74 0 0 0 0 0 0
22 75 0 0 0 0 0 0
22 77 0 0 0 0 0 0
23 24 -323.17 1.1973 0.000E+00 350.92 -1.3456 0.000E+00 2
23 25 0 0 0 0 0 0 0
23 27 0 0 0 0 0 0
23 33 599.82 0 0.000E+00 -364.76 0 0.000E+00 2
23 34 0 0 0 0 0 0
23 37 325.81 0 0.000E+00 -199.87 0 0.000E+00 2
23 42 0 0 0 0 0 0
23 46 0 0 0 0 0 0
23 55 0 0 0 0 0 0
23 56 0 0 0 0 0 0
23 67 0 0 0 0 0 0
23 70 0 0 0 0 0 0
23 74 0 0 0 0 0 0
24 25 -131.8 9.802 -3.582E-02 972.1 -6.82 9.219E-03 2 x
24 26 441.5 -0.5353 0.000E+00 -65.74 0.0967 0.000E+00 2
24 27 3286 0 0.000E+00 167.5 0 0.000E+00 2
24 28 9.362 1.033 0.000E+00 52.01 -0.9095 0.000E+00 2
24 30 750.2 0.8165 0.000E+00 100.5 -0.8269 0.000E+00 2
24 32 49.51 0.6829 0.000E+00 186.4 -0.7294 0.000E+00 2
24 33 203.2 -1.328 0.000E+00 -1360 7.402 0.000E+00 2
24 35 325.2 0.4405 0.000E+00 -60.89 -0.6321 0.000E+00 2
24 36 902 0 0.000E+00 -194.9 0 0.000E+00 2
24 37 220.6 0.3756 0.000E+00 -134.4 -0.3226 0.000E+00 2
24 38 197.4 -0.4858 0.000E+00 -98.98 -0.0213 0.000E+00 2
24 39 512.7 0.027 0.000E+00 -168.4 -0.123 0.000E+00 2
24 40 0 0 0 0 0 0
24 42 -37.183 -0.0478 0.000E+00 60.78 0.0243 0.000E+00 2
24 43 190.45 0.0127 0.000E+00 -131.87 -0.0142 0.000E+00 2
24 45 22.779 0.0421 0.000E+00 14.947 -0.1109 0.000E+00 2
24 46 0 0 0 0 0 0
24 49 5.17E+02 1.95E-01 1.86E-03 -1.99E+02 4.35E-01 -1.27E-03 9
24 51 0 0 0 0 0 0
24 52 1366.3114 -3.8385 0.000E+00 -580.4588 1.1653 0.000E+00 3
24 53 0 0 0 0 0 0
24 54 0 0 0 0 0 0
24 55 0 0 0 0 0 0
24 56 120.59 1.2816 0.000E+00 261.15 -0.8815 0.000E+00 8
24 69 0 0 0 0 0 0
24 72 0 0 0 0 0 0
24 74 0 0 0 0 0 0
24 76 0 0 0 0 0 0
24 77 0 0 0 0 0 0
24 82 0 0 0 0 0 0
25 26 3986 25 0.000E+00 3638 -14.25 0.000E+00 2 x
25 27 -184.4995 2.2806 0.000E+00 2926.0183 -1.8141 0.000E+00 4 x
25 30 0 0 0 0 0 0
25 33 -69.88 0 0.000E+00 981.5 0 0.000E+00 2 x
25 35 0 0 0 0 0 0
25 37 0 0 0 0 0 0
25 38 0 0 0 0 0 0
25 39 -12.7054 -0.4758 0.000E+00 472.4949 -0.5503 0.000E+00 4 x
25 40 0 0 0 0 0 0 0
25 42 1326 -3.926 0.000E+00 2698 -12.43 0.000E+00 3 x
25 43 96.855 -1.2993 0.000E+00 2991.8999 -9.3959 0.000E+00 2 x
25 45 -27.161 0.611 0.000E+00 4235.2998 -16.954 0.000E+00 2 x
25 46 0 0 0 0 0 0 0
25 49 5.93E+02 -7.90E-01 0.00E+00 8.83E+01 1.61E-01 0.00E+00 9
25 50 0 0 0 0 0 0
25 51 0 0 0 0 0 0
25 55 0 0 0 0 0 0
25 60 0 0 0 0 0 0
26 27 85.6 0 0.000E+00 986 0 0.000E+00 2 x
26 28 68.87 3.217 0.000E+00 655.7 -2.203 0.000E+00 2
26 31 0 0 0 0 0 0
26 32 643.8 -0.7376 0.000E+00 17.81 -0.2245 0.000E+00 2
26 33 9.258 -0.1079 0.000E+00 121.4 0.054 0.000E+00 2
26 34 -70.24 0 0.000E+00 132.2 0 0.000E+00 2
26 37 159 0 0.000E+00 108.4 0 0.000E+00 2
26 39 606.9 0 0.000E+00 -340.9 0 0.000E+00 2
26 42 119.3 -0.5691 0.000E+00 522.9 -0.2485 0.000E+00 3
26 43 53.75 0 0.000E+00 -47.089 0 0.000E+00 2
26 52 324.6235 -1.1828 0.000E+00 11.4423 0.7866 0.000E+00 3
26 54 0 0 0 0 0 0
26 60 0 0 0 0 0 0
27 32 0 0 0 0 0 0
27 33 505.4 0 0.000E+00 81.445 0 0.000E+00 2 x
27 37 0 0 0 0 0 0
27 42 2004 -4.5 0.000E+00 2600 -4.8 0.000E+00 3
27 45 0 0 0 0 0 0
28 32 212.4 -0.3692 0.000E+00 200.6 -0.228 0.000E+00 2
28 33 0 0 0 0 0 0
28 37 -93.31 -0.1286 0.000E+00 319.4 0.0342 0.000E+00 2
28 42 29.45 -0.9194 0.000E+00 92.4 1.191 0.000E+00 2
28 43 166.56 -1.0407 0.000E+00 1.0902 1.5927 0.000E+00 2
28 45 89.744 -1.0122 0.000E+00 40.987 1.1526 0.000E+00 2
28 69 0 0 0 0 0 0
28 74 0 0 0 0 0 0
29 35 467.1 0 0.000E+00 -360 0 0.000E+00 2
29 39 356.6 0 0.000E+00 -247.6 0 0.000E+00 2
29 42 -7.4648 -0.4151 0.000E+00 439.7321 -0.2619 0.000E+00 4
29 46 0 0 0 0 0 0
29 61 0 0 0 0 0 0
30 37 -277.6 0.000E+00 0.000E+00 1168 0.000E+00 0.000E+00 2 0 0 0 0 0 0
30 42 96.59 -0.7691 0.000E+00 846.7 0.2545 0.000E+00 2
30 44 778.78 0 0.000E+00 -384.29 0 0.000E+00 2
30 45 0 0 0 0 0 0
30 61 0 0 0 0 0 0
30 77 0 0 0 0 0 0
31 35 -228.4 0 0.000E+00 -47.81 0 0.000E+00 2
31 39 373.8 0 0.000E+00 -231.6 0 0.000E+00 2
31 42 0 0 0 0 0 0
31 43 0 0 0 0 0 0
31 46 0 0 0 0 0 0
31 47 -210.3418 0.9103 0.000E+00 106.793 -0.9537 0.000E+00 4
31 48 0 0 0 0 0 0
31 53 0 0 0 0 0 0
31 55 0 0 0 0 0 0
31 60 0 0 0 0 0 0
31 75 0 0 0 0 0 0
31 76 0 0 0 0 0 0
32 33 -536.2 1.995 0.000E+00 558 -1.924 0.000E+00 2
32 42 0 0 0 0 0 0
32 45 -47.772 -0.0092 0.000E+00 92.429 0.1744 0.000E+00 2
32 54 0 0 0 0 0 0
33 35 -83.7 0.1436 0.000E+00 -116.7 -0.0677 0.000E+00 2
33 37 0 0 0 0 0 0
33 38 0 0 0 0 0 0
33 39 0 0 0 0 0 0
33 40 0 0 0 0 0 0
33 41 -378.1 2.56 0.000E+00 13.78 -0.936 0.000E+00 2
33 42 -122.5 0.0913 0.000E+00 476.9 -0.61 0.000E+00 3
33 43 -186.4 0 0.000E+00 265.42 0 0.000E+00 2
33 45 0 0 0 0 0 0
33 65 0 0 0 0 0 0
33 68 0 0 0 0 0 0
33 69 0 0 0 0 0 0
33 80 0 0 0 0 0 0
34 35 0 0 0 0 0 0
34 37 0 0 0 0 0 0
34 39 1025 0 0.000E+00 -416.5 0 0.000E+00 2
34 55 0 0 0 0 0 0
35 39 -133.3468 0.1022 0.000E+00 221.7393 -0.5021 0.000E+00 4
35 42 0 0 0 0 0 0
35 43 0 0 0 0 0 0
35 45 -322.46 -0.0208 0.000E+00 67.069 0.2396 0.000E+00 2
35 48 0 0 0 0 0 0
35 49 -3.45E+00 0.00E+00 0.00E+00 -7.22E+01 0.00E+00 0.00E+00 9
35 60 0 0 0 0 0 0
35 61 0 0 0 0 0 0
35 82 0 0 0 0 0 0
36 37 -74.88 0 0.000E+00 1004 0 0.000E+00 2
36 39 -110.3414 0 0.000E+00 97.3572 0 0.000E+00 4
36 41 0 0 0 0 0 0
36 42 0 0 0 0 0 0
37 39 967.7403 0 0.000E+00 -306.217 0 0.000E+00 4
37 41 -211.1 0 0.000E+00 516.5 0 0.000E+00 2
37 42 -24.82 -0.5324 0.000E+00 81.56 0.7293 0.000E+00 3
37 43 321.62 -4.9963 1.387E-02 713.9 -2.7759 9.172E-04 2
37 45 185.82 0 0.000E+00 -139 0 0.000E+00 2
37 53 0 0 0 0 0 0
37 55 0 0 0 0 0 0
37 60 0 0 0 0 0 0
37 61 0 0 0 0 0 0
37 62 0 0 0 0 0 0
37 68 0 0 0 0 0 0
37 74 0 0 0 0 0 0
37 82 0 0 0 0 0 0
38 39 190.0634 0 0.000E+00 -229.9709 0 0.000E+00 4
38 40 -57.38 0 0.000E+00 110.4 0 0.000E+00 2 x
38 42 112.7 -0.4103 0.000E+00 21.04 -0.1288 0.000E+00 3
38 43 -22.572 0 0.000E+00 -7.56 0 0.000E+00 2
38 46 0 0 0 0 0 0
38 63 0 0 0 0 0 0
38 73 0 0 0 0 0 0
38 75 0 0 0 0 0 0
39 40 0 0 0 0 0 0
39 41 0 0 0 0 0 0
39 42 141.2 -0.8783 0.000E+00 666.5 -0.1555 0.000E+00 2
39 43 53.871 -0.6775 0.000E+00 -54.26 1.0612 0.000E+00 2
39 44 -310.13 0 0.000E+00 -367.48 0 0.000E+00 2
39 48 0 0 0 0 0 0
39 49 -1.84E+01 -4.50E-01 0.00E+00 -2.28E+00 6.01E-01 0.00E+00 9
39 52 0 0 0 0 0 0
39 57 0 0 0 0 0 0
39 60 0 0 0 0 0 0
39 65 0 0 0 0 0 0
39 67 0 0 0 0 0 0
39 68 0 0 0 0 0 0
39 69 0 0 0 0 0 0
39 71 0 0 0 0 0 0
39 72 0 0 0 0 0 0
39 74 0 0 0 0 0 0
39 76 0 0 0 0 0 0
40 41 0 0 0 0 0 0
40 42 165.6 0 0.000E+00 -109 0 0.000E+00 3
40 65 0 0 0 0 0 0
40 66 0 0 0 0 0 0
40 67 0 0 0 0 0 0
40 68 0 0 0 0 0 0
40 69 0 0 0 0 0 0
40 70 0 0 0 0 0 0
40 71 0 0 0 0 0 0
40 73 0 0 0 0 0 0
40 74 0 0 0 0 0 0
41 42 683.3 6.321 0.000E+00 865 -2.89 0.000E+00 3
41 43 0 0 0 0 0 0
41 53 0 0 0 0 0 0
41 54 0 0 0 0 0 0
41 59 0 0 0 0 0 0
41 60 0 0 0 0 0 0
41 69 0 0 0 0 0 0
42 43 242.49 -0.0383 0.000E+00 20.834 -0.3472 0.000E+00 2
42 45 183.79 -0.1518 0.000E+00 -61.922 -0.0594 0.000E+00 2
42 46 298.46 -0.6823 0.000E+00 499.59 -0.8158 0.000E+00 3
42 47 2187.6658 -1.057 0.000E+00 165.6552 -0.9151 0.000E+00 4
42 48 499.1925 0.5131 0.000E+00 148.6643 -1.0328 0.000E+00 4
42 49 -4.97E+01 3.87E+00 0.00E+00 1.59E+02 -1.11E+00 0.00E+00 9 0 0 0 0 0 0
42 50 0 0 0 0 0 0
42 52 790.7599 -2.3892 0.000E+00 -368.498 0.8497 0.000E+00 3
42 53 286.5434 0.1879 0.000E+00 58.4316 -0.5292 0.000E+00 6
42 54 0 0 0 0 0 0
42 55 373.4893 0.0647 0.000E+00 75.4497 -0.6572 0.000E+00 7
42 56 -581.16 4.1194 0.000E+00 660.47 -2.0132 0.000E+00 8
42 57 0 0 0 0 0 0
42 59 0 0 0 0 0 0
42 60 0 0 0 0 0 0
42 61 0 0 0 0 0 0
42 62 0 0 0 0 0 0
42 63 0 0 0 0 0 0
42 69 0 0 0 0 0 0
42 72 0 0 0 0 0 0
42 74 0 0 0 0 0 0
42 76 0 0 0 0 0 0
42 77 0 0 0 0 0 0
42 78 0 0 0 0 0 0
42 79 0 0 0 0 0 0
42 82 0 0 0 0 0 0
42 83 0 0 0 0 0 0
43 45 -523.96 0.4945 0.000E+00 1414 -2.8776 0.000E+00 2
43 53 0 0 0 0 0 0
43 54 0 0 0 0 0 0
43 55 0 0 0 0 0 0
43 56 19.221 0.4413 0.000E+00 117.2081 -0.3946 0.000E+00 8
43 63 0 0 0 0 0 0
43 68 0 0 0 0 0 0
43 74 0 0 0 0 0 0
43 77 0 0 0 0 0 0
43 78 0 0 0 0 0 0
43 82 0 0 0 0 0 0
44 45 0 0 0 0 0 0
45 46 0 0 0 0 0 0
45 50 0 0 0 0 0 0
45 53 0 0 0 0 0 0
45 55 0 0 0 0 0 0
45 60 0 0 0 0 0 0
45 61 0 0 0 0 0 0
45 62 0 0 0 0 0 0
45 74 0 0 0 0 0 0
45 75 0 0 0 0 0 0
45 77 0 0 0 0 0 0
45 78 0 0 0 0 0 0
46 52 -1423.6628 3.9162 0.000E+00 1738.5004 -3.9729 0.000E+00 3 x
46 60 0 0 0 0 0 0
46 61 0 0 0 0 0 0
46 63 0 0 0 0 0 0
46 69 0 0 0 0 0 0
46 72 0 0 0 0 0 0
46 76 0 0 0 0 0 0
47 48 -91.6532 -0.3411 0.000E+00 117.5666 0.7114 0.000E+00 4
47 49 -1.89E+02 0.00E+00 0.00E+00 3.08E+02 0.00E+00 0.00E+00 9 0 0 0 0 0 0
47 62 0 0 0 0 0 0
48 49 0 0 0 0 0 0
48 54 0 0 0 0 0 0
48 55 0 0 0 0 0 0
48 69 0 0 0 0 0 0
49 54 0 0 0 0 0 0
49 55 0 0 0 0 0 0
50 56 0 0 0 0 0 0
50 58 0 0 0 0 0 0
52 77 0 0 0 0 0 0
53 55 0 0 0 0 0 0
53 64 0 0 0 0 0 0
53 83 0 0 0 0 0 0
54 59 0 0 0 0 0 0
56 61 0 0 0 0 0 0
57 58 0 0 0 0 0 0
57 59 0 0 0 0 0 0
58 59 0 0 0 0 0 0
62 63 0 0 0 0 0 0
62 82 0 0 0 0 0 0
65 66 0 0 0 0 0 0
65 67 0 0 0 0 0 0
65 68 0 0 0 0 0 0
65 69 0 0 0 0 0 0