name:	benzene
id:	3
text:	fixed: Fenghour et al.
pc:	4.878410
Tc:	562.120000
vc:	254.4529262
M:	7.8114000e+01
Ts:	562.120000
vs:	254.4529262

75.0
12
 0.331415851468e+01  1  0.5
-0.957090647965e+01  1  1.0
 0.967674101217e+01  1  1.5
-0.454991413591e+01  1  2.0
 0.381441961056e+00  1  3.0
 0.872247009849e+00  2  0.5
-0.914569484972e+00  2  1.0
-0.487156355773e-01  4  0.5
 0.144269333613e-05  4 12.0
 0.158773309675e-01  5  0.5
 0.192054220582e-02  5  1.5
-0.262442546737e-06  5 12.5
14
 0.340440685282e+00  2  3.0  1
-0.266622298964e-02  2  7.0  1
-0.307014650371e+00  4  1.0  1
-0.743148620737e-03  4  7.0  1
 0.208834196454e+00  5  1.0  1
-0.547894998629e+00  1  3.0  2
 0.353172984378e-01  1  6.0  2
-0.185851559999e-01  1  7.0  2
-0.483204259249e-01  2  6.0  2
-0.127145421561e+00  4  3.0  2
-0.769278123593e+00  2  4.0  3
 0.150128427081e+01  2  5.0  3
-0.764329760169e+00  2  6.0  3
 0.226633456722e-02  4  6.0  4
0
4
450.0 230.0 300.0
400.0 180.0 350.0
350.0 160.0 360.0
300.0 150.0 450.0

OK beyond 465 K
