name:	argon
id:	1
text:	fixed: Wagner et al.
pc:	 4.86300000e+00
Tc:	 1.50687000e+02
vc:	 7.45855116e+01
M:	3.99480000e+01
Ts:	150.687
vs:	74.58551158

22.3
12
 8.8722304990011e-02  1  0.00
 7.0514805167298e-01  1  0.25
-1.6820115654090e+00  1  1.00
-1.4909014431486e-01  1  2.75
-1.2024804600940e-01  1  4.00
-1.2164978798599e-01  2  0.00
 4.0035933626752e-01  2  0.25
-2.7136062699129e-01  2  0.75
 2.4211924579645e-01  2  2.75
 5.7889583185570e-03  3  0.00
-4.1097335615341e-02  3  2.00
 2.4710761541614e-02  4  0.75
25
-3.2181391750702e-01  1  3.00  1
 3.3230017695794e-01  1  3.50  1
 3.1019986287345e-02  3  1.00  1
-3.0777086002437e-02  4  2.00  1
 9.3891137419581e-02  4  4.00  1
-9.0643210682031e-02  5  3.00  1
-4.5778349276654e-04  7  0.00  1
-8.2659729025197e-05 10  0.50  1
 1.3013415603147e-04 10  1.00  1
-1.1397840001996e-02  2  1.00  2
-2.4455169960535e-02  2  7.00  2
-6.4324067175955e-02  4  5.00  2
 5.8889471093674e-02  4  6.00  2
-6.4933552112965e-04  8  6.00  2
-1.3889862158435e-02  3 10.00  3
 4.0489839296910e-01  5 13.00  3
-3.8612519594749e-01  5 14.00  3
-1.8817142332233e-01  6 11.00  3
 1.5977647596482e-01  6 14.00  3
 5.3985518513856e-02  7  8.00  3
-2.8953417958014e-02  7 14.00  3
-1.3025413381384e-02  8  6.00  3
 2.8948696775778e-03  9  7.00  3
-2.2647134304796e-03  5 24.00  4
 1.7616456196368e-03  6 22.00  4
4
 5.8552454482774e-03  2  3.00 20 250 1 1.11
-6.9251908270028e-01  1  1.00 20 375 1 1.14
 1.5315490030516e+00  2  0.00 20 300 1 1.17
-2.7380447449783e-03  3  0.00 20 225 1 1.11
7
148 58.8  100
145 51.8  127
140 48.4  150
120 39.6  255
100 34.5  474
 80 30.9 1100
 70 29.3 1950
