name:	  ethane
id:	  1
text:	  fixed: Bücker & Wagner
pc:	  4.8722
Tc:	  305.322
vc:	  145.8387816
M:	3.006904e+01
Ts:	305.322
vs:	145.8387816

37.0
5
 8.3440745735241e-01  1  0.25
-1.4287360607171e+00  1  1.00
 3.4430242210927e-01  2  0.25
-4.2096677920265e-01  2  0.75
 1.2094500886549e-02  4  0.75
34
-5.7976201597341e-01  1  2.00 1
-3.3127037870838e-02  1  4.25 1 
-1.1751654894130e-01  2  0.75 1 
-1.1160957833067e-01  2  2.25 1
 6.2181592654406e-02  3  3.00 1
 9.8481795434443e-02  6  1.00 1
-9.8268582682358e-02  6  1.25 1
-2.3977831007049e-04  7  2.75 1
 6.9885663328821e-04  9  1.00 1
 1.9665987803305e-05 10  2.00 1
-1.4586152207928e-02  2  2.50 2
 4.6354100536781e-02  4  5.50 2
 6.0764622180645e-03  4  7.00 2
-2.6447330147828e-03  5  0.50 2
-4.2931872689904e-02  5  5.50 2
 2.9987786517263e-03  6  2.50 2
 5.2919335175010e-03  8  4.00 2
-1.0383897798198e-03  9  2.00 2
-5.4260348214694e-02  2 10.00 3
-2.1959362918493e-01  3 16.00 3
 3.5362456650354e-01  3 18.00 3
-1.2477390173714e-01  3 20.00 3
 1.8425693591517e-01  4 14.00 3
-1.6192256436754e-01  4 18.00 3
-8.2770876149064e-02  5 12.00 3
 5.0160758096437e-02  5 19.00 3
 9.3614326336655e-03  6  7.00 3
-2.7839186242864e-04 11 15.00 3
 2.3560274071481e-05 14  9.00 3
 3.9238329738527e-03  3 26.00 4
-7.6488325813618e-04  3 28.00 4
-4.9944304440730e-03  4 28.00 4
 1.8593386407186e-03  8 22.00 4
-6.1404353331199e-04 10 13.00 4
5
-2.3312179367924e-03  1  0.00 15 150 1 1.05
 2.9301047908760e-03  1  3.00 15 150 1 1.05
-2.6912472842883e-04  3  3.00 15 150 1 1.05
 1.8413834111814e+02  3  0.00 20 275 1 1.22
-1.0397127984854e+01  2  3.00 20 400 1 1.16
11
302 114.0  202
295 100.0  252
290  96.0  282
280  88.0  345
270  82.0  390
240  73.5  660
210  66.5 1340
180  61.0 3360
150  57.0 1.25e+04
120  52.5 1.22e+05
 90  48.0 2.30e+06
