name:	methane
id:	1
text:	fixed: Setzmann & Wagner
pc:	4.599200
Tc:	190.564000
vc:	98.627800
M:	1.6042800e+01 
Ts:	190.564
vs:	98.62781099

27.7
13
 0.4367901028E-01  1 -0.5
 0.6709236199E+00  1  0.5
-0.1765577859E+01  1  1.0
 0.8582330241E+00  2  0.5
-0.1206513052E+01  2  1.0
 0.5120467220E+00  2  1.5
-0.4000010791E-03  2  4.5
-0.1247842423E-01  3  0.0
 0.3100269701E-01  4  1.0
 0.1754748522E-02  4  3.0
-0.3171921605E-05  8  1.0
-0.2240346840E-05  9  3.0
 0.2947056156E-06 10  3.0
23
 0.1830487909E+00  1  0.0 1
 0.1511883679E+00  1  1.0 1
-0.4289363877E+00  1  2.0 1
 0.6894002446E-01  2  0.0 1
-0.1408313996E-01  4  0.0 1
-0.3063054830E-01  5  2.0 1
-0.2969906708E-01  6  2.0 1
-0.1932040831E-01  1  5.0 2
-0.1105739959E+00  2  5.0 2
 0.9952548995E-01  3  5.0 2
 0.8548437825E-02  4  2.0 2
-0.6150555662E-01  4  4.0 2
-0.4291792423E-01  3 12.0 3
-0.1813207290E-01  5  8.0 3
 0.3445904760E-01  5 10.0 3
-0.2385919450E-02  8 10.0 3
-0.1159094939E-01  2 10.0 4
 0.6641693602E-01  3 14.0 4
-0.2371549590E-01  4 12.0 4
-0.3961624905E-01  4 18.0 4
-0.1387292044E-01  4 22.0 4
 0.3389489599E-01  5 18.0 4
-0.2927378753E-02  6 14.0 4
4
 0.9324799946E-04  2  2.0  20 200 1 1.07
-0.6287171518E+01  0  0.0  40 250 1 1.11
 0.1271069467E+02  0  1.0  40 250 1 1.11
-0.6423953466E+01  0  2.0  40 250 1 1.11
7
189 79.0  129
188 76.0  137
185 72.0  156
180 66.0  175
150 52.2  400
120 45.6 1100
 90 41.0 4600
