name:	  nitrogen
id:	  1
text:	  fixed: Span et al.
pc:	  3.3958
Tc:	  126.192
vc:	  89.41424727
M:	28.01348
Ts:	126.192
vs:	89.41424727

23.5
 6
 9.24803575275e-01  1  0.25
-4.92448489428e-01  1  0.875
 6.61883336938e-01  2  0.5
-1.92902649201e+00  2  0.875
-6.22469309629e-02  3  0.375
 3.49943957581e-01  3  0.75
26
 5.64857472498e-01  1  0.5  1
-1.61720005987e+00  1  0.75 1
-4.81395031883e-01  1  2.0  1
 4.21150636384e-01  3  1.25 1
-1.61962230825e-02  3  3.5  1
 1.72100994165e-01  4  1.0  1
 7.35448924933e-03  6  0.5  1
 1.68077305479e-02  6  3.0  1
-1.07626664179e-03  7  0.0  1
-1.37318088513e-02  7  2.75 1
 6.35466899859e-04  8  0.75 1
 3.04432279419e-03  8  2.5  1
-4.35762336045e-02  1  4.0  2
-7.23174889316e-02  2  6.0  2
 3.89644315272e-02  3  6.0  2
-2.12201363910e-02  4  3.0  2
 4.08822981509e-03  5  3.0  2
-5.51990017984e-05  8  6.0  2
-4.62016716479e-02  4 16.0  3
-3.00311716011e-03  5 11.0  3
 3.68825891208e-02  5 15.0  3
-2.55856846220e-03  8 12.0  3
 8.96915264558e-03  3 12.0  4
-4.41513370350e-03  5  7.0  4
 1.33722924858e-03  6  4.0  4
 2.64832491957e-04  9 16.0  4
4
 1.96688194015e+01  1  0.0  2  20 325 1.0 1.16
-2.09115600730e+01  1  1.0  2  20 325 1.0 1.16
 1.67788306989e-02  3  2.0  2  15 300 1.0 1.13
 2.62767566274e+03  2  3.0  2  20 275 1.0 1.25
5
100 47.0  320
 90 43.0  460
 80 40.5  700
 70 29.5 1120
 60 29.5 1950
