name:	o-hydrogen
id:	1
text:	fixed: Leachman & Jacobsen
pc:	1.31065
Tc:	33.22
vc:	64.7668
M:	2.01594e+00
Ts:	33.22
vs:	64.74587245

20.0
7
-6.83148   1 0.7333
 0.01      4 1.0
 2.11505   1 1.1372
 4.38353   1 0.5136
 0.211292  2 0.5638
-1.00939   2 1.6248
 0.142086  3 1.829
2
-0.87696   1 2.404 1
 0.804927  3 2.105 1
5
-0.710775  2 4.1   +1.169 +0.4555 0.6366 1.5444
 0.0639688 1 7.658 +0.894 +0.4046 0.3876 0.6627
 0.0710858 3 1.259 +0.04  +0.0869 0.9437 0.763
-0.087654  1 7.589 +2.072 +0.4415 0.3976 0.6587
 0.647088  1 3.946 +1.306 +0.5743 0.9626 1.4327
5
24 37  224
22 36  279
20 35  354
15 33  650
10 33 1200
