name:	p-hydrogen
id:	1
text:	fixed: Leachman & Jacobsen
pc:	1.2858
Tc:	32.938
vc:	64.35835
M:	2.01594e+00
Ts:	32.938
vs:	64.35834728

20.0
7
-7.33375  1 0.6855 
 0.01     4 1.0    
 2.60375  1 1.0    
 4.66279  1 0.489  
 0.682390 2 0.774  
-1.47078  2 1.133  
 0.135801 3 1.386  
2
-1.05327  1 1.619  1
 0.328239 3 1.162  1
5
-0.0577833 2 3.96  +1.7437 +0.194  1.5487 0.8048
 0.0449743 1 5.276 +0.5516 +0.2019 0.1785 1.5248
 0.0703464 3 0.99  +0.0634 +0.0301 1.28   0.6648
-0.0401766 1 6.791 +2.1341 +0.2383 0.6319 0.6832 
 0.119510  1 3.19  +1.777  +0.3253 1.7104 1.493  
4
24 36.0  220.0
20 34.0  320.0
15 31.0  600.0
10 30.0 1200.0
