name:	sulfur_hexafluoride
id:	1
text:	fixed: Wagner et al.
pc:	 3.75498300e+00
Tc:	 3.18723200e+02
vc:	 1.96760635e+02
M:	1.46055419e+02
Ts:	318.7232
vs:	196.760635

68.0
10
 5.4958259132835e-01 1 0.125
-8.7905033269396e-01 1 1.250
-8.4656969731452e-01 1 1.875
 2.7692381593529e-01 2 0.125
-4.9864958372345e+00 2 1.500
 4.8879127058055e+00 2 1.625
 3.6917081634281e-02 3 1.500
 3.7030130305087e-04 3 5.625
 3.9389132911585e-02 4 0.625
 4.2477413690006e-04 6 0.250
12
-2.4150013863890e-02 1 6.000 1
 5.9447650642255e-02 2 0.250 1
-3.8302880142267e-01 2 4.750 1
 3.2606800951983e-01 2 5.375 1
-2.9955940562031e-02 3 5.875 1
-8.6579186671173e-02 6 2.000 1
 4.1600684707562e+00 2 5.875 2
-4.1398128855814e+00 2 6.000 2
-5.5842159922714e-01 4 5.625 2
 5.6531382776891e-01 4 5.750 2
 8.2612463415545e-03 2 0.000 3
-1.0200995338080e-02 2 0.500 3
14
-2.1662523861406e-02 1 4.000 10 150 0.85 1.13
 3.4650943893908e-02 3 1.000 10 150 0.85 1.13
-2.8694281385812e-02 4 3.000 10 150 0.85 1.13
 8.4007238998053e-03 1 2.000 10 150 0.85 1.16
-2.6969359922498e-01 1 4.000 11 225 1.00 1.19
 9.0415215646344e+00 4 3.000 25 300 1.00 1.19
-3.7233103557977e+00 3 4.000 30 350 1.00 1.16
-2.7524670823704e+03 4 1.000 30 350 1.00 1.16
 5.7711861697319e+03 4 2.000 30 350 1.00 1.16
-3.0234003119748e+03 4 3.000 30 350 1.00 1.16
 2.2252778435360e+06 1 3.000 30 400 1.00 1.22
-2.3056065559032e+06 1 4.000 30 400 1.00 1.22
 6.3918852944475e+06 3 3.000 30 400 1.00 1.22
-6.0792091415592e+06 3 4.000 30 400 1.00 1.22
6
315 148  290
310 130  340
300 118  460
280 106  740
250 100  920
223  92 1140
