30
  50.00    29.1013
 100.00    29.1025
 150.00    29.1041
 200.00    29.1063
 250.00    29.1135
 300.00    29.1404
 350.00    29.2092
 400.00    29.3380
 450.00    29.5336
 500.00    29.7909
 550.00    30.0980
 600.00    30.4397
 650.00    30.8017
 700.00    31.1716
 750.00    31.5398
 800.00    31.8992
 850.00    32.2449
 900.00    32.5740
 950.00    32.8849
1000.00    33.1768
1050.00    33.4497
1100.00    33.7043
1150.00    33.9412
1200.00    34.1614
1250.00    34.3660
1300.00    34.5561
1350.00    34.7327
1400.00    34.8970
1450.00    35.0497
1500.00    35.1920
