30
  50.00    33.2579
 100.00    33.2663
 150.00    33.5354
 200.00    34.6082
 250.00    36.4329
 300.00    38.5612
 350.00    40.6399
 400.00    42.5014
 450.00    44.0990
 500.00    45.4433
 550.00    46.5658
 600.00    47.5022
 650.00    48.2854
 700.00    48.9435
 750.00    49.4995
 800.00    49.9721
 850.00    50.3763
 900.00    50.7240
 950.00    51.0248
1000.00    51.2866
1050.00    51.5156
1100.00    51.7169
1150.00    51.8947
1200.00    52.0524
1250.00    52.1929
1300.00    52.3186
1350.00    52.4314
1400.00    52.5330
1450.00    52.6248
1500.00    52.7080
