27
 200.00    61.4566
 250.00    67.2045
 300.00    73.8733
 350.00    80.8994
 400.00    87.8574
 450.00    94.5193
 500.00   100.7943
 550.00   106.6652
 600.00   112.1475
 650.00   117.2679
 700.00   122.0544
 750.00   126.5328
 800.00   130.7253
 850.00   134.6513
 900.00   138.3277
 950.00   141.7698
1000.00   144.9917
1050.00   148.0066
1100.00   150.8271
1150.00   153.4652
1200.00   155.9325
1250.00   158.2400
1300.00   160.3983
1350.00   162.4173
1400.00   164.3066
1450.00   166.0752
1500.00   167.7315
