30
  50.00    33.2579
 100.00    33.2579
 150.00    33.2653
 200.00    33.3443
 250.00    33.6005
 300.00    34.0626
 350.00    34.6754
 400.00    35.3601
 450.00    36.0529
 500.00    36.7135
 550.00    37.3213
 600.00    37.8685
 650.00    38.3549
 700.00    38.7844
 750.00    39.1624
 800.00    39.4946
 850.00    39.7869
 900.00    40.0444
 950.00    40.2719
1000.00    40.4732
1050.00    40.6521
1100.00    40.8114
1150.00    40.9537
1200.00    41.0812
1250.00    41.1959
1300.00    41.2992
1350.00    41.3927
1400.00    41.4774
1450.00    41.5544
1500.00    41.6246
