30
  50.00    33.2589
 100.00    33.4871
 150.00    34.6183
 200.00    36.1281
 250.00    37.4504
 300.00    38.4656
 350.00    39.2185
 400.00    39.7765
 450.00    40.1951
 500.00    40.5143
 550.00    40.7618
 600.00    40.9568
 650.00    41.1128
 700.00    41.2392
 750.00    41.3430
 800.00    41.4291
 850.00    41.5014
 900.00    41.5625
 950.00    41.6146
1000.00    41.6595
1050.00    41.6983
1100.00    41.7321
1150.00    41.7617
1200.00    41.7878
1250.00    41.8110
1300.00    41.8315
1350.00    41.8499
1400.00    41.8664
1450.00    41.8812
1500.00    41.8946
